-1.86518 -3.34701 1.11078e-06 -3.01211
-1.72048 -2.12039 5.59284e-06 -2.64389
-1.62298 -1.97699 1.58562e-05 -2.39455
-1.62235 -2.48062 1.59606e-05 -2.39294
-1.61838 -2.27951 1.66388e-05 -2.38276
-1.43228 -2.00473 0.000109021 -1.90185
-1.4283 -1.43194 0.000113323 -1.89147
-1.4154 -2.07109 0.00012841 -1.85776
-1.4006 -1.51714 0.000148085 -1.81902
-1.1859 -1.5292 0.00106127 -1.24523
-1.15062 -1.44613 0.00144125 -1.14807
-1.08315 -1.1455 0.00255179 -0.959153
-1.05642 -0.813699 0.00318383 -0.88301
-0.983615 -1.00842 0.00573363 -0.671178
-0.835068 -0.272085 0.0178295 -0.213351
-0.799261 -0.338373 0.0231299 -0.0965186
-0.75386 0.556578 0.0319367 0.0559963
-0.534477 0.678676 0.135175 0.880792
-0.362074 1.31911 0.366983 1.66756
-0.242159 2.70105 0.685322 2.31099
-0.0215026 3.55472 1.861 3.75129
0.0120904 4.31191 2.12999 4.00304
0.0620141 4.12783 2.58161 4.3939
0.167279 5.19867 3.74793 5.28413
0.290051 6.54716 5.47392 6.43338
0.298221 6.41383 5.60166 6.5139
0.424273 8.35669 7.73014 7.81337
0.528514 8.66552 9.61622 8.95625
0.637461 10.2126 11.5326 10.1932
0.803724 12.164 13.8877 12.096
0.964962 13.9219 14.9632 13.8501
0.986634 13.6893 14.9946 14.0721
0.996671 13.9718 14.9997 14.1734
1.03287 14.4944 14.9676 14.5309
1.06095 14.4759 14.889 14.7989
1.11397 15.6828 14.6153 15.2803
1.14076 15.8153 14.4173 15.5103
1.1619 15.6477 14.2339 15.685
1.3104 16.7139 12.371 16.7258
1.35117 17.1435 11.7213 16.9493
1.4599 17.3125 9.82602 17.4027
1.4723 17.3151 9.60146 17.4409
1.49803 17.6818 9.13373 17.5113
1.57553 17.3265 7.7336 17.6508
1.58272 18.1783 7.60585 17.6582
1.68529 17.6551 5.86392 17.6655
1.84017 16.952 3.65563 17.3498
1.88742 16.7469 3.10501 17.1845
1.95666 17.0706 2.40526 16.8929
1.9828 17.0348 2.17334 16.7692
2.09376 16.4073 1.37084 16.176
2.20025 15.4827 0.841007 15.5322
2.2615 14.991 0.622061 15.1433
2.32703 14.8291 0.443102 14.7219
2.8033 12.4147 0.0224662 12.0937
2.81597 11.909 0.020497 12.0436
2.86379 11.4914 0.0144161 11.8659
2.86984 11.4248 0.0137794 11.8448
2.97549 11.5219 0.00611448 11.5231
2.9819 12.0355 0.00581199 11.5064
3.00967 11.3269 0.00465651 11.4382
3.0782 11.2189 0.00265913 11.2959
3.09693 11.4286 0.00227408 11.2633
3.30834 11.5739 0.000353087 11.0685
3.52305 11.2096 4.43447e-05 11.145
3.5344 11.3483 3.95368e-05 11.1552
3.62651 11.0058 1.52785e-05 11.2569
3.77924 11.0807 2.93069e-06 11.4874
3.78409 11.2184 2.77655e-06 11.4958
3.79026 11.9892 2.59203e-06 11.5065
3.83778 11.1313 1.51823e-06 11.5921
4.20459 12.694 1.8038e-08 12.3756
4.21319 12.1393 1.61528e-08 12.3957
4.25176 12.4031 9.81049e-09 12.4865
4.29112 12.5794 5.86097e-09 12.5801
4.47316 13.0918 4.99376e-10 13.0223
4.50396 12.9745 3.2493e-10 13.0982
4.53094 13.1261 2.22284e-10 13.1649
4.53308 12.6935 2.15668e-10 13.1702
4.55492 13.3597 1.58236e-10 13.2243
4.66832 13.1418 3.07494e-11 13.5068
4.73661 13.6857 1.11847e-11 13.6777
4.75847 13.6279 8.05944e-12 13.7325
4.79512 14.2794 4.63318e-12 13.8245
4.98822 14.631 2.29294e-13 14.3106
5.02215 14.7903 1.33148e-13 14.3962
5.1895 14.8033 8.52541e-15 14.8186
5.20196 15.1013 6.91655e-15 14.85
5.21791 14.6575 5.2875e-15 14.8903
5.2519 15.1255 2.97267e-15 14.9762
5.28767 14.6598 1.61371e-15 15.0666
5.367 15.1855 4.0879e-16 15.267
5.4102 15.2186 1.91498e-16 15.3762
5.6036 16.0234 5.86132e-18 15.865
5.60468 16.1007 5.74588e-18 15.8677
5.61939 15.7312 4.38012e-18 15.9049
5.62647 15.42 3.84256e-18 15.9228
5.63409 16.3843 3.33695e-18 15.942
5.70863 16.1349 8.28776e-19 16.1304
5.98862 17.1227 3.63185e-21 16.8382
