1 1.04952e+06 414847
2 945210 414847
3 895782 182638
4 866305 182638
5 883664 182638
6 871018 182638
7 787377 182638
8 799486 182638
9 747380 182638
10 788270 180027
11 735006 180027
12 695393 157601
13 658518 143306
14 630039 143306
15 614116 143306
16 613766 143306
17 651038 143306
18 649085 143306
19 663260 143306
20 633772 143306
21 627992 103234
22 691888 103234
23 716892 103234
24 680318 103234
25 656271 103234
26 664630 103234
27 635723 103234
28 645789 103234
29 611138 95815.1
30 607409 93786
31 591797 93786
32 647219 81096.4
33 595623 77087.4
34 685417 77087.4
35 675686 77087.4
36 661100 77087.4
37 614846 59717
38 612221 59717
39 596727 59717
40 533301 59717
41 553277 59717
42 606480 59717
43 559867 59717
44 532314 53285.2
45 566426 53285.2
46 627085 53285.2
47 641333 53285.2
48 670273 53285.2
49 605979 53285.2
50 626653 53285.2
51 638394 53285.2
52 586122 53285.2
53 591973 53285.2
54 555772 53285.2
55 539735 53285.2
56 562293 53285.2
57 590025 53285.2
58 590530 50972.3
59 540405 50972.3
60 567094 50972.3
61 618030 50972.3
62 576488 50972.3
63 593016 50972.3
64 530982 50972.3
65 567304 38416.5
66 594675 38416.5
67 534309 38416.5
68 559318 38416.5
69 594482 38416.5
70 597617 38416.5
71 603440 38416.5
72 595776 38416.5
73 554799 38416.5
74 510997 38416.5
75 526049 38416.5
76 547668 38416.5
77 540557 38416.5
78 582847 28389.5
79 597811 28389.5
80 608186 28389.5
81 591790 28389.5
82 520047 28389.5
83 529838 28389.5
84 490610 28389.5
85 486639 28389.5
86 492072 28389.5
87 508296 28389.5
88 519388 28389.5
89 557986 24007.1
90 491271 24007.1
91 442686 24007.1
92 444707 24007.1
93 471114 24007.1
94 473855 24007.1
95 472966 24007.1
96 473191 24007.1
97 542725 24007.1
98 555630 24007.1
99 539940 24007.1
100 543146 24007.1
101 545306 24007.1
102 547406 24007.1
103 506741 24007.1
104 531045 24007.1
105 556396 24007.1
106 540196 24007.1
107 499336 24007.1
108 507120 24007.1
109 519844 24007.1
110 518895 24007.1
111 565386 24007.1
112 578482 24007.1
113 497383 20251.6
114 528372 20251.6
115 500818 20251.6
116 509070 20251.6
117 470780 20251.6
118 491674 20251.6
119 504411 20251.6
120 492958 20251.6
121 530532 20251.6
122 570735 20251.6
123 607385 11018.4
124 581859 11018.4
125 496908 11018.4
126 483655 11018.4
127 456010 11018.4
128 442995 11018.4
129 453598 11018.4
130 455204 11018.4
131 470935 11018.4
132 472521 11018.4
133 503749 11018.4
134 520991 11018.4
135 517514 11018.4
136 517818 11018.4
137 503622 11018.4
138 502539 11018.4
139 505767 11018.4
140 522728 11018.4
141 530729 11018.4
142 520988 11018.4
143 519147 11018.4
144 490478 11018.4
145 524315 11018.4
146 526499 11018.4
147 494746 11018.4
148 516674 11018.4
149 524013 11018.4
150 521852 11018.4
151 534286 11018.4
152 549676 11018.4
153 537218 11018.4
154 549812 11018.4
155 579948 11018.4
156 576141 11018.4
157 577472 11018.4
158 519010 11018.4
159 529600 11018.4
160 530354 11018.4
161 517990 11018.4
162 551941 11018.4
163 530031 11018.4
164 504486 11018.4
165 542142 11018.4
166 520577 11018.4
167 518541 11018.4
168 529974 11018.4
169 569865 11018.4
170 584365 11018.4
171 565429 11018.4
172 489939 11018.4
173 524207 11018.4
174 486082 11018.4
175 554801 11018.4
176 558914 11018.4
177 562013 11018.4
178 558287 11018.4
179 521359 11018.4
180 502446 11018.4
181 517616 11018.4
182 514782 11018.4
183 526264 11018.4
184 505551 11018.4
185 508018 11018.4
186 555697 11018.4
187 504636 11018.4
188 462491 11018.4
189 487637 11018.4
190 480355 11018.4
191 474825 11018.4
192 456587 10360.5
193 449779 10360.5
194 455588 9880.9
195 479262 9880.9
196 483181 9880.9
197 479080 9880.9
198 514220 9880.9
199 521749 9880.9
200 494597 9880.9
201 502401 9880.9
202 504982 9250.22
203 462333 9250.22
204 462213 9250.22
205 489594 9250.22
206 506250 9250.22
207 514363 9250.22
208 492695 9250.22
209 469710 9250.22
210 469278 9250.22
211 463312 9250.22
212 481904 8815.28
213 459768 8815.28
214 447333 8715.81
215 508999 8715.81
216 544859 8715.81
217 513441 8715.81
218 474612 8715.81
219 533266 8715.81
220 526122 8715.81
221 540036 8715.81
222 524301 8715.81
223 512283 8715.81
224 507250 8715.81
225 488630 8715.81
226 500823 8715.81
227 484681 8715.81
228 522604 8715.81
229 468830 8715.81
230 481337 8715.81
231 510464 8715.81
232 554093 8715.81
233 575350 8715.81
234 499180 8715.81
235 513633 8715.81
236 531891 8715.81
237 508953 8715.81
238 506003 8715.81
239 541311 8715.81
240 499727 8715.81
241 521522 8715.81
242 530791 8715.81
243 579304 8715.81
244 588724 8715.81
245 552965 8715.81
246 550540 8715.81
247 487724 8715.81
248 493858 8715.81
249 453591 8715.81
250 451245 8715.81
251 425255 8715.81
252 474199 8715.81
253 464511 8715.81
254 422699 8715.81
255 461196 8715.81
256 493959 8715.81
257 509374 8715.81
258 551207 8715.81
259 535465 8715.81
260 506400 8715.81
261 502546 8715.81
262 470260 8715.81
263 513357 8715.81
264 543567 8715.81
265 516590 8715.81
266 509897 8715.81
267 514270 8715.81
268 482552 8715.81
269 514203 8715.81
270 552465 8715.81
271 561722 8715.81
272 555515 8715.81
273 539583 8715.81
274 519002 8715.81
275 489746 8715.81
276 526605 8715.81
277 523459 8715.81
278 496482 8715.81
279 519321 8715.81
280 550993 8715.81
281 543742 8715.81
282 529875 8715.81
283 550923 8715.81
284 564625 8715.81
285 546226 8715.81
286 554982 8715.81
287 568255 8715.81
288 558231 8715.81
289 528012 8715.81
290 509405 8715.81
291 544848 8715.81
292 563021 8715.81
293 580538 8715.81
294 546740 8715.81
295 579127 8715.81
296 507502 8715.81
297 479944 8715.81
298 526736 8715.81
299 533449 8715.81
300 497503 8715.81
301 511538 8715.81
302 467577 8715.81
303 514302 8715.81
304 504391 8715.81
305 494711 8715.81
306 549266 8715.81
307 548764 8715.81
308 506475 8715.81
309 497302 8715.81
310 499527 8715.81
311 539332 8715.81
312 517369 8715.81
313 519249 8715.81
314 509002 8715.81
315 509530 8715.81
316 508170 8715.81
317 503644 8715.81
318 518940 8715.81
319 553127 8715.81
320 492302 8715.81
321 485300 8715.81
322 497057 8715.81
323 561863 8715.81
324 560404 8715.81
325 552347 8715.81
326 585221 8715.81
327 619384 8715.81
328 586457 8715.81
329 579475 8715.81
330 567892 8715.81
331 566637 8715.81
332 568215 8715.81
333 517287 8715.81
334 535461 8715.81
335 536284 8715.81
336 562904 8715.81
337 548491 8715.81
338 501797 8715.81
339 454872 8715.81
340 506130 8715.81
341 574710 8715.81
342 514971 8715.81
343 527440 8715.81
344 557239 8715.81
345 550387 8715.81
346 524617 8715.81
347 508057 8715.81
348 512799 8715.81
349 505828 8715.81
350 482126 8715.81
351 489152 8715.81
352 486649 8715.81
353 479865 8715.81
354 455634 8715.81
355 451816 8715.81
356 471311 8715.81
357 481861 8715.81
358 477975 8715.81
359 523905 8715.81
360 575410 8715.81
361 581623 8715.81
362 612583 8715.81
363 594386 8715.81
364 565478 8715.81
365 526395 8715.81
366 528294 8715.81
367 539961 8715.81
368 501431 8715.81
369 495867 8715.81
370 538588 8715.81
371 543180 8715.81
372 517309 8715.81
373 514285 8715.81
374 463942 8715.81
375 532374 8715.81
376 576963 8715.81
377 622161 8715.81
378 605096 8715.81
379 564730 8715.81
380 583398 8715.81
381 531124 8715.81
382 507667 8715.81
383 529377 8715.81
384 528766 8715.81
385 558469 8715.81
386 546244 8715.81
387 573676 8715.81
388 566004 8715.81
389 608124 8715.81
390 596520 8715.81
391 597561 8715.81
392 588418 8715.81
393 555523 8715.81
394 587587 8715.81
395 568260 8715.81
396 561154 8715.81
397 577411 8715.81
398 553746 8715.81
399 656566 8715.81
400 535322 7997.21
401 526621 7997.21
402 508488 7997.21
403 493321 7997.21
404 527174 7997.21
405 515843 7997.21
406 523966 7997.21
407 551087 7997.21
408 529508 7997.21
409 559611 7997.21
410 562447 7997.21
411 556984 7997.21
412 521245 7997.21
413 562432 7997.21
414 596861 7997.21
415 591683 7997.21
416 549538 7997.21
417 543399 7997.21
418 547021 7997.21
419 524615 7997.21
420 530465 7997.21
421 561346 7997.21
422 538883 7997.21
423 534179 7997.21
424 544272 7997.21
425 515346 7997.21
426 555690 7997.21
427 562395 7997.21
428 548798 7997.21
429 571724 7997.21
430 582898 7997.21
431 640606 7997.21
432 618566 7997.21
433 603597 7997.21
434 571470 7997.21
435 580582 7997.21
436 600115 7997.21
437 623928 7997.21
438 614519 7997.21
439 647728 7997.21
440 584441 7997.21
441 593390 7997.21
442 572591 7997.21
443 604616 7997.21
444 616201 7997.21
445 547242 7997.21
446 511384 7997.21
447 480922 7997.21
448 528294 7997.21
449 496231 7997.21
450 466809 7997.21
451 533288 7997.21
452 486112 7997.21
453 518461 7997.21
454 478739 7997.21
455 473546 7997.21
456 491522 7997.21
457 491611 7997.21
458 495459 7997.21
459 509434 7997.21
460 458217 7997.21
461 498451 7997.21
462 486289 7997.21
463 538772 7997.21
464 512264 7997.21
465 505524 7997.21
466 548107 7997.21
467 558482 7997.21
468 528673 7997.21
469 539253 7997.21
470 498781 7997.21
471 506950 7997.21
472 513976 7997.21
473 521703 7997.21
474 511572 7997.21
475 501810 7997.21
476 537913 7997.21
477 523319 7997.21
478 432596 7997.21
479 439332 7997.21
480 428105 7997.21
481 390027 7997.21
482 418284 7997.21
483 475518 7997.21
484 506804 7997.21
485 542492 7997.21
486 508531 7997.21
487 499297 7997.21
488 466626 7997.21
489 481755 7997.21
490 495433 7997.21
491 535647 7997.21
492 564005 7997.21
493 560234 7997.21
494 543375 7997.21
495 506410 7997.21
496 512327 7997.21
497 530462 7997.21
498 515512 7997.21
499 581441 7997.21
500 543077 7997.21
501 541004 7997.21
502 539407 7997.21
503 502790 7997.21
504 541511 7997.21
505 519822 7997.21
506 493410 7997.21
507 535006 7997.21
508 596323 7997.21
509 602576 7997.21
510 551994 7997.21
511 507096 7997.21
512 538101 7997.21
513 459667 7997.21
514 481088 7997.21
515 511189 7997.21
516 552181 7997.21
517 589612 7997.21
518 557342 7997.21
519 496643 7997.21
520 500320 7997.21
521 491285 7997.21
522 476900 7997.21
523 521283 7997.21
524 542117 7997.21
525 547592 7997.21
526 548683 7997.21
527 545142 7997.21
528 534026 7997.21
529 566503 7997.21
530 581664 7997.21
531 590221 7997.21
532 565538 7997.21
533 556692 7997.21
534 487937 7997.21
535 497479 7997.21
536 510179 7997.21
537 519629 7997.21
538 500371 7997.21
539 516084 7997.21
540 511185 7997.21
541 527772 7997.21
542 555151 7997.21
543 474374 7997.21
544 500316 7997.21
545 508157 7997.21
546 522205 7997.21
547 516260 7997.21
548 593953 7997.21
549 583790 7997.21
550 576341 7997.21
551 555200 7997.21
552 517373 7997.21
553 516638 7997.21
554 552733 7997.21
555 608614 7997.21
556 599112 7997.21
557 595889 7997.21
558 554090 7997.21
559 571175 7997.21
560 565062 7997.21
561 521549 7997.21
562 547612 7997.21
563 583840 7997.21
564 538459 7997.21
565 551633 7997.21
566 527092 7997.21
567 505698 7997.21
568 488020 7997.21
569 518696 7997.21
570 516710 7997.21
571 517238 7997.21
572 520564 7997.21
573 496974 7997.21
574 468819 7997.21
575 500718 7997.21
576 498391 7997.21
577 455108 7997.21
578 467051 7997.21
579 506195 7997.21
580 509500 7997.21
581 527505 7997.21
582 532936 7997.21
583 503146 7997.21
584 509484 7997.21
585 555700 7997.21
586 562836 7997.21
587 555769 7997.21
588 552045 7997.21
589 555430 7997.21
590 551082 7997.21
591 574909 7997.21
592 596888 7997.21
593 537712 7997.21
594 522894 7997.21
595 483710 7997.21
596 489129 7997.21
597 526935 7997.21
598 530960 7997.21
599 492953 7997.21
600 511500 7997.21
601 515843 7997.21
602 498405 7997.21
603 543214 7997.21
604 492723 7997.21
605 471091 7997.21
606 515773 7997.21
607 488352 7997.21
608 525213 7997.21
609 523919 7997.21
610 569624 7997.21
611 567773 7997.21
612 520593 7997.21
613 538076 7997.21
614 568829 7997.21
615 558487 7997.21
616 522623 7997.21
617 459478 7997.21
618 435218 7997.21
619 468740 7997.21
620 519821 7997.21
621 514812 7997.21
622 513595 7997.21
623 540270 7997.21
624 518636 7997.21
625 506341 7997.21
626 514685 7997.21
627 512661 7997.21
628 491701 7997.21
629 446748 7997.21
630 469313 7997.21
631 475003 7997.21
632 505431 7997.21
633 512578 7997.21
634 506360 7997.21
635 517990 7997.21
636 552046 7997.21
637 558343 7997.21
638 543502 7997.21
639 599961 7997.21
640 560158 7997.21
641 523900 7997.21
642 503539 7997.21
643 501113 7997.21
644 511563 7997.21
645 527291 7997.21
646 489142 7997.21
647 478448 7997.21
648 449398 7997.21
649 568708 7997.21
650 627623 7997.21
651 603110 7997.21
652 554658 7997.21
653 516895 7997.21
654 501091 7997.21
655 532017 7997.21
656 555459 7997.21
657 582502 7997.21
658 577168 7997.21
659 580021 7997.21
660 578046 7997.21
661 563235 7997.21
662 612205 7997.21
663 621855 7997.21
664 619115 7997.21
665 628257 7997.21
666 594163 7997.21
667 580877 7997.21
668 631804 7997.21
669 564716 7997.21
670 565239 7997.21
671 545843 4286.02
672 518987 4286.02
673 563776 4286.02
674 556037 4286.02
675 610512 4286.02
676 646371 4286.02
677 667881 4286.02
678 618887 4286.02
679 624785 4286.02
680 632657 4286.02
681 566001 4286.02
682 531072 4286.02
683 595672 4286.02
684 625758 4286.02
685 583917 4286.02
686 563856 4286.02
687 533423 4286.02
688 553918 4286.02
689 514307 4286.02
690 549450 4286.02
691 612531 4286.02
692 579276 4286.02
693 630537 4286.02
694 618217 4286.02
695 592477 4286.02
696 537886 4286.02
697 485766 4286.02
698 485955 4286.02
699 538761 4286.02
700 522938 4286.02
701 583006 4286.02
702 602657 4286.02
703 545796 4286.02
704 519983 4286.02
705 558207 4286.02
706 552125 4286.02
707 501752 4286.02
708 493450 4286.02
709 464485 4286.02
710 461444 4286.02
711 471721 4286.02
712 516983 4286.02
713 474970 4286.02
714 497780 4286.02
715 499885 4286.02
716 514930 4286.02
717 520614 4286.02
718 542799 4286.02
719 547744 4286.02
720 581851 4286.02
721 528178 4286.02
722 570094 4286.02
723 510292 4286.02
724 517550 4286.02
725 505815 4286.02
726 517017 4286.02
727 495103 4286.02
728 487777 4286.02
729 481432 4286.02
730 544143 4286.02
731 495159 4286.02
732 422902 4286.02
733 440111 4286.02
734 478821 4286.02
735 442147 4286.02
736 432145 4286.02
737 485706 4286.02
738 522538 4286.02
739 493552 4286.02
740 503530 4286.02
741 490917 4286.02
742 419686 4286.02
743 455120 4286.02
744 475707 4286.02
745 497210 4286.02
746 486480 4286.02
747 510106 4286.02
748 575188 4286.02
749 546777 4286.02
750 578309 4286.02
751 607728 4286.02
752 560763 4286.02
753 544924 4286.02
754 510558 4286.02
755 556487 4286.02
756 540367 4286.02
757 538045 4286.02
758 539341 4286.02
759 549333 4286.02
760 563001 4286.02
761 578271 4286.02
762 552535 4286.02
763 542791 4286.02
764 498585 4286.02
765 517789 4286.02
766 598364 4286.02
767 543793 4286.02
768 515458 4286.02
769 501058 4286.02
770 508616 4286.02
771 455450 4286.02
772 478558 4286.02
773 432603 4286.02
774 488200 4286.02
775 534188 4286.02
776 574352 4286.02
777 504404 4286.02
778 563595 4286.02
779 606508 4286.02
780 561215 4286.02
781 568629 4286.02
782 580003 4286.02
783 600783 4286.02
784 609527 4286.02
785 613920 4286.02
786 628856 4286.02
787 631141 4286.02
788 683945 4286.02
789 652811 4286.02
790 616856 4286.02
791 616168 4286.02
792 591753 4286.02
793 588300 4286.02
794 617789 4286.02
795 630073 4286.02
796 568630 4286.02
797 558816 4286.02
798 570989 4286.02
799 595981 4286.02
800 556168 4286.02
801 564970 4286.02
802 543886 4286.02
803 552556 4286.02
804 592438 4286.02
805 563850 4286.02
806 562267 4286.02
807 584041 4286.02
808 574996 4286.02
809 541687 4286.02
810 559897 4286.02
811 522646 4286.02
812 513655 4286.02
813 473974 4286.02
814 517951 4286.02
815 533333 4286.02
816 501849 4286.02
817 522141 4286.02
818 512099 4286.02
819 503223 4286.02
820 504622 4286.02
821 508343 4286.02
822 492413 4286.02
823 516509 4286.02
824 558726 4286.02
825 528518 4286.02
826 539064 4286.02
827 527322 4286.02
828 540497 4286.02
829 491212 4286.02
830 472736 4286.02
831 465885 4286.02
832 421965 4286.02
833 405053 4286.02
834 450904 4286.02
835 443630 4286.02
836 497591 4286.02
837 503858 4286.02
838 499188 4286.02
839 452995 4286.02
840 471300 4286.02
841 489055 4286.02
842 467583 4286.02
843 499767 4286.02
844 547002 4286.02
845 519040 4286.02
846 527402 4286.02
847 553421 4286.02
848 566975 4286.02
849 530694 4286.02
850 509996 4286.02
851 572134 4286.02
852 544268 4286.02
853 566122 4286.02
854 532448 4286.02
855 566032 4286.02
856 573831 4286.02
857 648285 4286.02
858 613654 4286.02
859 621105 4286.02
860 600446 4286.02
861 589602 4286.02
862 600278 4286.02
863 592507 4286.02
864 558707 4286.02
865 539790 4286.02
866 581444 4286.02
867 547572 4286.02
868 555014 4286.02
869 589328 4286.02
870 553549 4286.02
871 527615 4286.02
872 512150 4286.02
873 476273 4286.02
874 427253 4286.02
875 442477 4286.02
876 464850 4286.02
877 449125 4286.02
878 441328 4286.02
879 468905 4286.02
880 472015 4286.02
881 447675 4286.02
882 455517 4286.02
883 419450 4286.02
884 477501 4286.02
885 544403 4286.02
886 505390 4286.02
887 599442 4286.02
888 626648 4286.02
889 573763 4286.02
890 553606 4286.02
891 546780 2678.58
892 501601 2678.58
893 487772 2678.58
894 497972 2678.58
895 514948 2678.58
896 496859 2678.58
897 523687 2678.58
898 521545 2678.58
899 532935 2678.58
900 519495 2678.58
901 516769 2678.58
902 526428 2678.58
903 480047 2678.58
904 455324 2678.58
905 490035 2678.58
906 472834 2678.58
907 506727 2678.58
908 545030 2678.58
909 527175 2678.58
910 542409 2678.58
911 578700 2678.58
912 589002 2678.58
913 579327 2678.58
914 579576 2678.58
915 600476 2678.58
916 535041 2678.58
917 560596 2678.58
918 571174 2678.58
919 533903 2678.58
920 549291 2678.58
921 545444 2678.58
922 542410 2678.58
923 613683 2678.58
924 575125 2678.58
925 600737 2678.58
926 625391 2678.58
927 649086 2678.58
928 644277 2678.58
929 626409 2678.58
930 561837 2678.58
931 567232 2678.58
932 537899 2678.58
933 510183 2678.58
934 524261 2678.58
935 519219 2678.58
936 575001 2678.58
937 600936 2678.58
938 592040 2678.58
939 551540 2678.58
940 531192 2678.58
941 514833 2678.58
942 501361 2678.58
943 540224 2678.58
944 537572 2678.58
945 533476 2678.58
946 544445 2678.58
947 569688 2678.58
948 504817 2678.58
949 512784 2678.58
950 490075 2678.58
951 453245 2678.58
952 499844 2678.58
953 512163 2678.58
954 535307 2678.58
955 558316 2678.58
956 560722 2678.58
957 547433 2678.58
958 512125 2678.58
959 552432 2678.58
960 527184 2678.58
961 545733 2678.58
962 588812 2678.58
963 575891 2678.58
964 554680 2678.58
965 560048 2678.58
966 548367 2678.58
967 546655 2678.58
968 582851 2678.58
969 550584 2678.58
970 559180 2678.58
971 614757 2678.58
972 576937 2678.58
973 540898 2678.58
974 544119 2678.58
975 556230 2678.58
976 553710 2678.58
977 539157 2678.58
978 500082 2678.58
979 516126 2678.58
980 547794 2678.58
981 543178 2678.58
982 549450 2678.58
983 548809 2678.58
984 546393 2678.58
985 515090 2678.58
986 516140 2678.58
987 571460 2678.58
988 548222 2678.58
989 502215 2678.58
990 499658 2678.58
991 501831 2678.58
992 470132 2678.58
993 460853 2678.58
994 475834 2678.58
995 507363 2678.58
996 480328 2678.58
997 480263 2678.58
998 460953 2678.58
999 520289 2678.58
1000 552600 2678.58
1001 568829 2678.58
1002 593886 2678.58
1003 589727 2678.58
1004 580360 2678.58
1005 620023 2678.58
1006 641531 2678.58
1007 625746 2678.58
1008 622715 2678.58
1009 616274 2678.58
1010 562656 2678.58
1011 552595 2678.58
1012 535711 2678.58
1013 536208 2678.58
1014 539071 2678.58
1015 510976 2678.58
1016 506859 2678.58
1017 502515 2678.58
1018 548034 2678.58
1019 578617 2678.58
1020 569706 2678.58
1021 563316 2678.58
1022 556187 2678.58
1023 494471 2678.58
1024 470095 2678.58
1025 475268 2678.58
1026 512203 2678.58
1027 524600 2678.58
1028 530038 2678.58
1029 546841 2678.58
1030 514309 2678.58
1031 488894 2678.58
1032 428332 2678.58
1033 487687 2678.58
1034 504582 2678.58
1035 534835 2678.58
1036 554076 2061.18
1037 595064 2061.18
1038 545869 2061.18
1039 558597 2061.18
1040 543574 2061.18
1041 512002 2061.18
1042 472587 2061.18
1043 513503 2061.18
1044 509876 2061.18
1045 455886 2061.18
1046 547598 2061.18
1047 541229 2061.18
1048 530821 2061.18
1049 498680 2061.18
1050 570128 2061.18
1051 535211 2061.18
1052 529898 2061.18
1053 527172 2061.18
1054 525647 2061.18
1055 460614 2061.18
1056 492853 2061.18
1057 474691 2061.18
1058 477460 2061.18
1059 513935 2061.18
1060 466459 2061.18
1061 475179 2061.18
1062 451709 2061.18
1063 493107 2061.18
1064 526640 2061.18
1065 538464 2061.18
1066 625400 2061.18
1067 623648 2061.18
1068 621044 2061.18
1069 583718 2061.18
1070 613351 2061.18
1071 611979 2061.18
1072 614827 2061.18
1073 598760 2061.18
1074 548957 2061.18
1075 543797 2061.18
1076 539674 2061.18
1077 586623 2061.18
1078 566401 2061.18
1079 573479 2061.18
1080 570277 2061.18
1081 601136 2061.18
1082 594939 2061.18
1083 557467 2061.18
1084 578306 2061.18
1085 545527 2061.18
1086 495367 2061.18
1087 484654 2061.18
1088 448424 2061.18
1089 451864 2061.18
1090 413462 2061.18
1091 446534 2061.18
1092 418744 2061.18
1093 445883 2061.18
1094 432101 2061.18
1095 457662 2061.18
1096 494406 2061.18
1097 528312 2061.18
1098 550806 2061.18
1099 555966 2061.18
1100 561823 2061.18
1101 556294 2061.18
1102 577005 2061.18
1103 571358 2061.18
1104 606432 2061.18
1105 608010 2061.18
1106 618293 2061.18
1107 594826 2061.18
1108 594713 2061.18
1109 596372 2061.18
1110 594494 2061.18
1111 539287 2061.18
1112 514447 2061.18
1113 501475 2061.18
1114 545784 2061.18
1115 558283 2061.18
1116 568391 2061.18
1117 525188 2061.18
1118 523819 2061.18
1119 546053 2061.18
1120 589171 2061.18
1121 602189 2061.18
1122 570567 2061.18
1123 553401 2061.18
1124 497983 2061.18
1125 473926 2061.18
1126 508801 2061.18
1127 488003 2061.18
1128 518129 2061.18
1129 503229 2061.18
1130 556728 2061.18
1131 558388 2061.18
1132 523197 2061.18
1133 560497 2061.18
1134 554301 2061.18
1135 525741 2061.18
1136 529692 2061.18
1137 552456 2061.18
1138 589722 2061.18
1139 611174 2061.18
1140 632071 2061.18
1141 651010 2061.18
1142 624541 2061.18
1143 656810 2061.18
1144 719287 2061.18
1145 713268 2061.18
1146 651482 2061.18
1147 663621 2061.18
1148 654195 2061.18
1149 605496 2061.18
1150 593686 2061.18
1151 592467 2061.18
1152 560208 2061.18
1153 584305 2061.18
1154 558491 2061.18
1155 549212 2061.18
1156 557044 2061.18
1157 555891 2061.18
1158 558811 2061.18
1159 535330 2061.18
1160 556171 2061.18
1161 580637 2061.18
1162 554614 2061.18
1163 572851 2061.18
1164 592174 2061.18
1165 619386 2061.18
1166 582587 2061.18
1167 584950 2061.18
1168 590228 2061.18
1169 613618 2061.18
1170 586259 2061.18
1171 594212 2061.18
1172 605689 2061.18
1173 585559 2061.18
1174 597833 2061.18
1175 536384 2061.18
1176 554821 2061.18
1177 584300 2061.18
1178 553843 2061.18
1179 568884 2061.18
1180 529967 2061.18
1181 516898 2061.18
1182 517157 2061.18
1183 502580 2061.18
1184 523497 2061.18
1185 536160 2061.18
1186 536705 2061.18
1187 570729 2061.18
1188 538039 2061.18
1189 502992 2061.18
1190 485172 2061.18
1191 509528 2061.18
1192 486895 2061.18
1193 511261 2061.18
1194 519895 2061.18
1195 523167 2061.18
1196 499004 2061.18
1197 587576 2061.18
1198 555226 2061.18
1199 543066 2061.18
1200 521091 2061.18
1201 476678 2061.18
1202 473703 2061.18
1203 443785 2061.18
1204 495565 2061.18
1205 498204 2061.18
1206 537661 2061.18
1207 506102 2061.18
1208 497556 2061.18
1209 474486 2061.18
1210 487105 2061.18
1211 446874 2061.18
1212 487790 2061.18
1213 499378 2061.18
1214 547470 2061.18
1215 555639 2061.18
1216 568509 2061.18
1217 601989 2061.18
1218 531840 2061.18
1219 494867 2061.18
1220 528856 2061.18
1221 488287 2061.18
1222 444669 2061.18
1223 459394 2061.18
1224 503834 2061.18
1225 461328 2061.18
1226 533286 2061.18
1227 526709 2061.18
1228 492576 2061.18
1229 488463 2061.18
1230 509696 2061.18
1231 498065 2061.18
1232 523772 2061.18
1233 495374 2061.18
1234 455890 2061.18
1235 531272 2061.18
1236 590358 2061.18
1237 574573 2061.18
1238 621073 2061.18
1239 603428 2061.18
1240 616004 2061.18
1241 565571 2061.18
1242 565863 2061.18
1243 559590 2061.18
1244 522687 2061.18
1245 485913 2061.18
1246 470851 2061.18
1247 536703 2061.18
1248 530817 2061.18
1249 536357 2061.18
1250 494301 2061.18
1251 435876 2061.18
1252 476033 2061.18
1253 500332 2061.18
1254 476572 2061.18
1255 472140 2061.18
1256 459228 2061.18
1257 504531 2061.18
1258 507514 2061.18
1259 510579 2061.18
1260 492929 2061.18
1261 514560 2061.18
1262 511533 2061.18
1263 492842 2061.18
1264 508875 2061.18
1265 470332 2061.18
1266 519593 2061.18
1267 553357 2061.18
1268 531636 2061.18
1269 546115 2061.18
1270 574936 2061.18
1271 595088 2061.18
1272 603056 2061.18
1273 596382 2061.18
1274 536588 2061.18
1275 553058 2061.18
1276 529887 2061.18
1277 542541 2061.18
1278 543417 2061.18
1279 612958 2061.18
1280 671511 2061.18
1281 717903 2061.18
1282 724761 2061.18
1283 704037 2061.18
1284 656561 2061.18
1285 684834 2061.18
1286 667778 2061.18
1287 668812 2061.18
1288 612873 2061.18
1289 569091 2061.18
1290 535927 2061.18
1291 587472 2061.18
1292 606449 2061.18
1293 613896 2061.18
1294 628173 2061.18
1295 650532 2061.18
1296 592604 2061.18
1297 619750 2061.18
1298 587171 2061.18
1299 575913 2061.18
1300 591082 2061.18
1301 620926 2061.18
1302 599982 2061.18
1303 643494 2061.18
1304 597274 2061.18
1305 517549 2061.18
1306 520281 2061.18
1307 494974 2061.18
1308 525670 2061.18
1309 515521 2061.18
1310 513017 1296.13
1311 485663 1296.13
1312 521629 1296.13
1313 517744 1296.13
1314 535115 1296.13
1315 489203 1296.13
1316 521861 1296.13
1317 525234 1296.13
1318 557480 1296.13
1319 572228 1296.13
1320 542759 1296.13
1321 565529 1296.13
1322 521230 1296.13
1323 558551 1296.13
1324 579224 1296.13
1325 573790 1296.13
1326 584972 1296.13
1327 536982 1296.13
1328 543157 1296.13
1329 538203 1296.13
1330 522712 1296.13
1331 531028 1296.13
1332 555261 1296.13
1333 513082 1296.13
1334 521523 1296.13
1335 493590 1296.13
1336 497365 1296.13
1337 545737 1296.13
1338 502028 1296.13
1339 491850 1296.13
1340 505756 1296.13
1341 533172 1296.13
1342 586252 1296.13
1343 522515 1296.13
1344 512794 1296.13
1345 507270 1296.13
1346 497119 1296.13
1347 521062 1296.13
1348 580733 1296.13
1349 610710 1296.13
1350 556843 1296.13
1351 495732 1296.13
1352 511935 1296.13
1353 549959 1296.13
1354 528569 1296.13
1355 569127 1296.13
1356 595094 1296.13
1357 611036 1296.13
1358 619030 1296.13
1359 612203 1296.13
1360 615031 1296.13
1361 615453 1296.13
1362 664044 1296.13
1363 649325 1296.13
1364 627178 1296.13
1365 629397 1296.13
1366 645392 1296.13
1367 582812 1296.13
1368 583640 1296.13
1369 580824 1296.13
1370 558366 1296.13
1371 562477 1296.13
1372 541695 1296.13
1373 578502 1296.13
1374 576655 1296.13
1375 583356 1296.13
1376 573104 1296.13
1377 558212 1296.13
1378 570229 1296.13
1379 568723 1296.13
1380 571164 1296.13
1381 597783 1296.13
1382 638694 1296.13
1383 642115 1296.13
1384 613370 1296.13
1385 635771 1296.13
1386 701399 1296.13
1387 658041 1296.13
1388 613073 1296.13
1389 591442 1296.13
1390 578940 1296.13
1391 521637 1296.13
1392 515801 1296.13
1393 556031 1296.13
1394 543183 1296.13
1395 528610 1296.13
1396 545482 1296.13
1397 534491 1296.13
1398 520551 1296.13
1399 533336 1296.13
1400 510115 1296.13
1401 530617 1296.13
1402 516238 1296.13
1403 543014 1296.13
1404 550333 1296.13
1405 538774 1296.13
1406 551500 1296.13
1407 552458 1296.13
1408 563311 1296.13
1409 576813 1296.13
1410 586288 1296.13
1411 588265 1296.13
1412 595914 1296.13
1413 602217 1296.13
1414 556303 1296.13
1415 556738 1296.13
1416 586115 1296.13
1417 544386 1296.13
1418 574259 1296.13
1419 588266 1296.13
1420 566071 1296.13
1421 564410 1296.13
1422 580794 1296.13
1423 589320 1296.13
1424 585181 1296.13
1425 557523 1296.13
1426 614312 1296.13
1427 631993 1296.13
1428 563486 1296.13
1429 537247 1296.13
1430 519754 1296.13
1431 536968 1296.13
1432 493942 1296.13
1433 500057 1296.13
1434 490198 1296.13
1435 521181 1296.13
1436 513613 1296.13
1437 526904 1296.13
1438 514730 1296.13
1439 481550 1296.13
1440 492008 1296.13
1441 498606 1296.13
1442 537031 1296.13
1443 495027 1296.13
1444 532742 1296.13
1445 596658 1296.13
1446 561889 1296.13
1447 560517 1296.13
1448 532913 1296.13
1449 538598 1296.13
1450 522225 1296.13
1451 542564 1296.13
1452 570529 1296.13
1453 576701 1296.13
1454 614294 1296.13
1455 579850 1296.13
1456 595923 1296.13
1457 603234 1296.13
1458 552763 1296.13
1459 608473 1296.13
1460 590340 1296.13
1461 602949 1296.13
1462 602219 1296.13
1463 562661 1296.13
1464 560547 1296.13
1465 611084 1296.13
1466 604008 1296.13
1467 542999 1296.13
1468 502707 1296.13
1469 479405 1296.13
1470 455826 1296.13
1471 502351 1296.13
1472 490520 1296.13
1473 524298 1296.13
1474 485139 1296.13
1475 519772 1296.13
1476 579829 1296.13
1477 635595 1296.13
1478 554219 1296.13
1479 516553 1296.13
1480 523564 1296.13
1481 591328 1296.13
1482 539757 1296.13
1483 532221 1296.13
1484 504991 1296.13
1485 546079 1296.13
1486 535188 1296.13
1487 511967 1296.13
1488 550464 1296.13
1489 481016 1296.13
1490 480457 1296.13
1491 518382 1296.13
1492 532652 1296.13
1493 477085 1296.13
1494 478468 1296.13
1495 520744 1296.13
1496 495475 1296.13
1497 562678 1296.13
1498 542588 1296.13
1499 568004 1296.13
1500 569276 1296.13
