836 59222 2
1167 68212 2
796 68880 2
852 69307 2
797 81900 2
1122 89921 2
1104 90895 2
1177 91002 2
941 94905 2
1146 98937 2
909 100309 2
1289 106250 2
871 106852 2
1020 107502 2
1022 108750 2
1134 110700 2
844 113263 2
795 116250 2
588 120000 2
1356 121630 2
1118 122000 2
1329 122682 2
1240 123000 2
1601 124100 2
901 125000 2
1088 126640 2
963 127281 2
1119 129000 2
1380 131200 2
1248 132000 2
1039 133000 2
1152 134555 2
1380 136500 2
1116 138750 2
1039 141000 2
1418 146250 2
1082 147308 2
1472 148750 2
1146 149593 2
760 150000 2
1304 152000 2
1207 154000 2
1056 156896 1
1043 161250 1
1587 161500 1
1120 164000 1
1580 165000 1
1955 166357 1
1656 166357 1
1477 168000 1
1188 170000 1
1590 173000 1
1463 174250 1
1714 174313 1
1185 178480 1
1406 178760 1
1943 179580 1
1172 181000 1
1152 181872 1
1851 182587 1
1215 182716 1
1130 182750 1
1603 183200 1
1479 188741 1
1420 189000 1
1280 192067 1
1586 194000 1
1362 194818 1
2162 195000 1
1266 198000 1
1715 199500 1
1820 200000 1
936 200000 1
0 206000 1
1511 208000 1
1590 212864 1
1596 221000 1
1341 221000 1
2136 223058 1
1616 227887 1
1478 231477 1
1287 234697 1
1277 235000 1
1448 236000 1
2235 236685 1
2093 237800 1
1193 240122 1
2163 242638 1
1269 244000 1
0 244500 1
958 244960 1
2508 245918 1
1305 250000 1
1591 250000 1
1326 250134 1
1843 254200 1
1921 254200 1
2790 258000 1
1541 260000 1
1018 260014 1
0 263500 1
1672 265000 1
1380 265000 1
975 271742 1
2372 273750 1
1446 275086 1
1284 280908 1
3009 280987 1
3612 282400 1
2056 285000 1
1993 287417 1
1857 291000 4
1126 292024 4
2213 297000 4
2494 297000 4
1843 298000 4
1520 299000 4
2800 304037 4
2309 311000 4
2367 315537 4
3516 320000 4
0 320000 4
1914 328360 4
1690 334150 4
2725 335750 4
2354 335750 4
0 339500 4
2185 344250 4
1801 346210 4
1961 347029 4
3134 347650 4
1915 351300 4
0 352000 4
0 370000 4
2734 370500 4
2110 372000 4
3164 375000 4
3599 381300 4
2054 381942 4
1830 387731 4
1627 391000 4
3440 394470 4
2846 395000 4
2359 400186 4
2052 415000 4
3433 425000 4
3615 430000 4
0 445000 4
2687 460000 4
2724 461000 4
3440 489332 3
3508 510000 3
2462 539000 3
0 585000 3
0 600000 3
0 606238 3
2325 660000 3
0 830000 3
795 69000 2
1099 70000 2
840 71000 2
800 78000 2
746 78400 2
1067 80000 2
1316 89000 2
1337 90000 2
868 90000 2
924 92000 2
610 93675 2
0 97750 2
1220 98000 2
722 98000 2
1643 99000 2
722 100000 2
1080 106716 2
1039 111000 2
1051 111000 2
967 114800 2
1098 120108 2
1050 123225 2
1110 123750 2
888 125000 2
1120 125000 2
1080 126000 2
957 129000 2
952 134000 2
1211 135000 2
1264 135500 2
1080 140000 2
1266 140000 2
994 142500 2
1202 143500 2
0 145000 2
722 145000 2
1448 145000 2
1188 145000 2
1183 146000 2
1320 148500 2
1117 149000 2
1364 150000 2
1310 150000 2
1006 152000 2
1104 156000 1
810 156000 1
1123 156000 1
904 157788 1
1156 161653 1
1321 161829 1
1392 165000 1
1439 168000 1
1159 169000 1
1671 175000 1
1740 176250 1
1265 179000 1
1007 180000 1
1716 180400 1
1685 182000 1
1829 184500 1
1555 185000 1
1120 189000 1
1137 194000 1
1174 195000 1
1393 200000 1
0 201000 1
0 202500 1
1289 205000 1
1799 205000 1
0 205000 1
1953 205000 1
723 207000 1
0 210000 1
948 211500 1
1578 215000 1
1317 215000 1
0 215500 1
1360 222381 1
0 225000 1
1522 225000 1
1751 225000 1
1465 225000 1
1605 228000 1
1475 229665 1
1216 230000 1
1315 230000 1
1567 230000 1
1776 234000 1
2187 235000 1
1291 236250 1
0 240000 1
0 242000 1
1503 245000 1
2491 245000 1
1269 245000 1
0 250000 1
1176 250000 1
1456 250000 1
1498 250000 1
1574 255000 1
2085 256054 1
2170 257729 1
1595 260000 1
1567 261000 1
0 261800 1
1253 264469 1
1768 265000 1
0 270000 1
2030 270000 1
1531 270000 1
0 270000 1
1653 275000 1
2056 275000 1
2494 280000 1
1450 286013 1
2169 292000 4
1440 292000 4
1527 293993 4
1401 294000 4
1411 296769 4
0 297500 4
0 300000 4
1284 300000 4
2307 300000 4
1329 300000 4
1910 300500 4
1981 305000 4
0 306500 4
0 312500 4
0 315000 4
2205 319789 4
1449 330000 4
1258 330000 4
2575 331000 4
539 334000 4
2208 336000 4
1108 339000 4
1595 339000 4
2159 345000 4
2295 350000 4
1838 356000 4
1900 361745 4
1718 361948 4
3389 370000 4
0 380000 4
3260 385000 4
2016 399000 4
2607 402000 4
2724 406026 4
3746 420000 4
0 425000 4
3192 425000 4
0 433500 4
0 436746 4
0 438700 4
1247 445000 4
2581 450000 4
2068 460000 4
0 460000 4
3992 460000 4
3397 465000 4
3881 471750 4
0 480000 4
1598 484000 3
1929 485000 3
3070 495000 3
0 500500 3
0 504000 3
0 541000 3
0 560000 3
3984 572500 3
2222 582000 3
3838 613401 3
0 614000 3
2846 680000 3
2484 699000 3
1624 839000 3
840 40000 2
484 48000 2
970 61500 2
623 62050 2
932 65000 2
796 65000 2
834 68000 2
834 68000 2
924 77000 2
795 82732 2
1250 84000 2
984 84675 2
1013 85000 2
1012 90000 2
795 90000 2
918 91000 2
1082 95000 2
964 97500 2
1404 100000 2
625 100000 2
888 101000 2
1120 102750 2
1331 112500 2
1014 113000 2
1448 114000 2
966 114000 2
779 114750 2
836 115000 2
1100 115000 2
1174 116100 2
1207 119250 2
1995 120000 2
804 120000 2
958 120000 2
1366 120108 2
901 121500 2
696 121725 2
1080 122000 2
1104 123000 2
972 125000 2
1390 125573 2
1354 126714 2
795 126960 2
780 127000 2
1587 127500 2
1209 130000 2
1139 133105 2
1690 136500 2
1245 139500 2
1416 140000 2
1300 140800 2
1120 145000 2
1590 147000 2
1407 149600 2
1516 150000 2
0 150000 2
1646 150000 2
1676 155000 1
1370 155435 1
1370 155500 1
1351 158000 1
1152 158000 1
1452 160000 1
990 160000 1
1162 164000 1
1182 164000 1
1112 165000 1
1100 167000 1
1280 167293 1
1280 167293 1
1039 168000 1
1159 170000 1
1917 170000 1
1520 170000 1
1204 174000 1
1120 178000 1
1436 180000 1
1451 180000 1
1638 180000 1
1000 182000 1
1152 188325 1
1154 191500 1
1353 192000 1
1329 192700 1
1356 195000 1
1505 197654 1
1009 198000 1
1144 200345 1
930 203000 1
1766 207000 1
1940 208000 1
1776 210000 1
1258 212000 1
1872 213675 1
1112 213697 1
1856 215000 1
1939 215000 1
998 215100 1
1758 217500 1
2142 218000 1
950 220000 1
1739 221000 1
1516 222900 1
988 223139 1
1555 225500 1
1212 228327 1
1871 230000 1
1302 230000 1
756 230522 1
2026 231200 1
1375 232000 1
1250 232500 1
1058 233641 1
1187 234000 1
1324 234500 1
1936 235000 1
2382 236000 1
1427 236073 1
1678 238000 1
1798 238861 1
2652 239700 1
1816 240000 1
3076 240000 1
1844 241000 1
1306 245000 1
2447 246000 1
1176 247234 1
1182 247480 1
1160 249862 1
1424 251000 1
1574 252155 1
1830 254172 1
1724 258000 1
1255 260000 1
0 261000 1
2175 261000 1
1904 261000 1
1808 262500 1
2711 266000 1
1713 266000 1
1457 270000 1
2724 274425 1
0 274500 1
1468 275336 1
2550 277980 1
1928 280000 1
1922 284686 1
1343 284893 1
1510 285000 1
960 285000 1
1559 285000 1
1624 289000 1
2992 295000 4
2109 296000 4
1524 296056 4
1248 297359 4
1876 299940 4
0 304000 4
1851 305000 4
0 307000 4
2218 311328 4
1394 313138 4
1410 316630 4
3468 320000 4
2346 320000 4
2347 325000 4
1659 328578 4
2442 331000 4
0 331500 4
2155 340000 4
0 344755 4
1810 345746 4
2789 351000 4
1606 353767 4
0 355000 4
2166 356035 4
0 360000 4
1871 360552 4
1800 362305 4
1683 365000 4
0 367554 4
0 368500 4
1596 370000 4
0 371086 4
1179 378000 4
0 383000 4
1639 388000 4
3281 395100 4
1697 400000 4
0 400000 4
2085 408431 4
0 413000 4
1744 416767 4
0 420000 4
1939 423000 4
0 423000 4
1788 427500 4
1691 430922 4
2002 445000 4
4303 450000 4
4246 452000 4
2274 470000 4
0 471000 4
3056 475000 4
2503 484500 3
0 487500 3
0 488750 3
1905 500000 3
1320 506688 3
0 512000 3
0 520000 3
3037 528000 3
3741 579093 3
2660 636000 3
3357 668365 3
2896 676200 3
2025 677048 3
3788 691659 3
3670 760000 3
0 4897 2
0 4897 2
0 4897 2
0 4897 2
0 4897 2
0 4897 2
0 4897 2
0 4897 2
0 4897 2
0 4897 2
0 4897 2
0 4897 2
0 4897 2
0 4897 2
0 4897 2
0 4897 2
0 4897 2
0 4897 2
0 4897 2
0 4897 2
0 4897 2
0 4897 2
0 4897 2
0 4897 2
0 4897 2
0 4897 2
0 4897 2
0 4897 2
0 4897 2
0 4897 2
0 4897 2
0 4897 2
0 4897 2
0 4897 2
0 4897 2
0 4897 2
0 4897 2
0 4897 2
0 4897 2
0 4897 2
0 4897 2
0 4897 2
0 4897 2
0 4897 2
0 4897 2
0 4897 2
0 4897 2
0 4897 2
0 4897 2
1166 30000 2
0 30000 2
838 55422 2
904 63000 2
1032 65000 2
904 65000 2
1080 65000 2
990 66500 2
900 71000 2
861 75000 2
906 77000 2
1011 85000 2
1089 95625 2
832 96140 2
800 104250 2
1292 105000 2
810 108000 2
1064 109000 2
911 115000 2
846 115000 2
1320 115500 2
1410 115620 2
1115 116000 2
1169 122000 2
1164 122500 2
1341 123000 2
1219 124000 2
1127 124000 2
1272 124413 2
1253 125000 2
1120 130000 2
1118 131750 2
1890 137721 2
1260 137760 2
1400 138000 2
1264 140000 2
1060 145000 2
1132 145000 2
1466 150000 2
1092 150000 2
1628 151000 2
960 155000 1
1075 155800 1
1428 156142 1
1358 158000 1
2475 159900 1
1410 160000 1
1711 161500 1
1483 161600 1
1140 162000 1
1549 165000 1
1410 165000 1
1240 167293 1
1712 168000 1
1580 168000 1
1669 168750 1
1029 168750 1
1103 170000 1
2161 170250 1
1650 173000 1
1320 175000 1
1200 176095 1
1170 176250 1
1199 178000 1
1695 179000 1
1157 180000 1
1410 180000 1
1174 180000 1
1593 181000 1
1093 182000 1
1770 182587 1
1436 185074 1
1124 185833 1
1139 186785 1
1638 187000 1
1328 188335 1
1273 190000 1
1082 190000 1
1578 190000 1
796 190000 1
1386 191250 1
1452 193000 1
1513 193500 1
0 194818 1
1578 195000 1
1736 195000 1
0 195000 1
1473 195000 1
1150 198000 1
1127 199900 1
1144 200000 1
972 201000 1
2306 204918 1
1479 205000 1
1040 205000 1
1430 205878 1
1800 207000 1
1953 207744 1
1120 209000 1
1232 210000 1
984 210944 1
0 212500 1
2329 213750 1
1351 215000 1
0 215000 1
1376 215000 1
1300 216033 1
1566 220000 1
1115 220000 1
1032 220000 1
1419 220000 1
1261 220000 1
1637 220702 1
1776 221250 1
1338 222000 1
0 222500 1
2254 222750 1
1441 225000 1
1991 225000 1
2126 228750 1
1094 229000 1
1462 230095 1
2258 232500 1
1074 233000 1
2111 233500 1
1686 239000 1
1915 240000 1
2367 240000 1
1962 240971 1
1406 242000 1
1789 243450 1
1876 243500 1
1235 246544 1
2504 246750 1
0 247000 1
1676 247000 1
1367 249000 1
1899 249000 1
1636 250000 1
1828 250000 1
0 250000 1
1438 252000 1
1451 255000 1
1520 255000 1
1506 255000 1
2605 257200 1
1196 260000 1
1621 260000 1
1811 263500 1
1540 266510 1
0 267750 1
0 270000 1
0 271000 1
0 272700 1
0 275000 1
1543 275000 1
2494 276000 1
1650 276500 1
2214 278000 1
2280 279000 1
1443 280000 1
1582 280000 1
1857 285000 1
1735 288000 1
2096 289000 1
1720 290000 1
2160 290000 1
1382 293996 4
0 294000 4
1721 294173 4
1328 295000 4
0 298000 4
1982 298000 4
1144 299000 4
1623 300000 4
1457 300000 4
2555 300000 4
1577 300567 4
2592 303000 4
1401 305000 4
0 306000 4
1502 310000 4
1327 310000 4
1800 310000 4
2169 311518 4
2457 312000 4
0 313000 4
2004 315000 4
2212 315000 4
3134 315000 4
1360 315000 4
0 315000 4
1276 320000 4
2962 322000 4
1888 325000 4
0 325500 4
0 326951 4
1548 328370 4
0 330000 4
2109 330000 4
2484 331200 4
2258 332000 4
2212 334000 4
1616 335000 4
2372 341000 4
2606 346375 4
0 347225 4
2877 349000 4
2960 350000 4
0 350000 4
2172 350000 4
2100 350000 4
1795 351000 4
0 356200 4
2295 360000 4
2577 367463 4
0 375000 4
1727 380000 4
1485 380578 4
1655 386222 4
0 389000 4
0 390000 4
2049 395500 4
0 396000 4
2875 397000 4
0 400000 4
2199 400000 4
0 412500 4
1304 413500 4
2334 415000 4
2278 420454 4
1493 425000 4
0 425000 4
0 433500 4
0 438000 4
2787 441000 4
2824 445000 4
3261 446000 4
2053 450000 4
2379 455000 4
0 460000 4
0 475000 4
0 490000 3
0 493000 3
0 508000 3
0 511000 3
3173 525000 3
0 533000 3
1348 545000 3
0 560000 3
1252 575000 3
3229 575000 3
3863 598695 3
0 600000 3
0 600000 3
2356 600000 3
0 600000 3
3579 610000 3
0 622500 3
0 680000 3
0 879000 3
4400 884790 3
0 1551 2
5822 2000 2
1512 56950 2
611 60000 2
876 61000 2
933 62000 2
864 68566 2
1011 70000 2
1158 80000 2
1092 85500 2
956 92000 2
1139 93600 2
1058 95000 2
1040 97750 2
1354 104000 2
1051 105000 2
682 107666 2
1161 109000 2
1004 110000 2
1229 110000 2
1249 112500 2
1161 114800 2
1010 116000 2
0 119000 2
1462 121500 2
1269 122000 2
1188 123675 2
1570 126854 2
1093 127059 2
962 128687 2
1089 129500 2
1127 130000 2
1309 131750 2
970 132000 2
1144 134000 2
1000 134000 2
0 138000 2
1206 142000 2
1285 143012 2
1543 145846 2
884 147000 2
1019 148750 2
1392 150000 2
924 150454 2
1217 151087 2
1670 157296 1
1302 157500 1
1488 160000 1
1373 160000 1
1381 161250 1
1265 164000 1
881 165000 1
0 165000 1
1608 165750 1
1344 166000 1
1202 169000 1
1104 170000 1
0 170000 1
1859 170000 1
1232 170000 1
1638 170725 1
1177 171750 1
1582 172000 1
904 173056 1
1340 174000 1
1204 174250 1
1477 176850 1
1497 179500 1
960 185000 1
0 188000 1
1428 188700 1
1039 189000 1
1529 189000 1
1892 189836 1
1887 190000 1
1294 191250 1
1638 191675 1
1677 195500 1
1073 198000 1
1231 200000 1
1175 200000 1
1416 200000 1
0 200100 1
1358 201528 1
1609 204750 1
1968 205000 1
1089 205000 1
1296 205900 1
1189 207000 1
795 207973 1
1371 208250 1
1310 208318 1
1262 209347 1
1740 211500 1
1517 212000 1
1450 213000 1
1416 216000 1
888 216021 1
1882 219000 1
1302 219794 1
1418 220000 1
0 220000 1
1319 220000 1
1770 220000 1
1627 223000 1
0 224000 1
1040 224000 1
960 224252 1
0 224500 1
1456 225000 1
1450 228000 1
1358 229027 1
1329 229500 1
1715 230000 1
1262 230000 1
2280 232425 1
1477 234000 1
1216 235000 1
1685 235301 1
1362 235738 1
