1.00000000e+00  1.05840000e+04  
1.64285714e+00  4.19432831e+03  
2.28571429e+00  -3.10696432e+03  
2.92857143e+00  -7.41963771e+03  
3.57142857e+00  -5.51295541e+03  
4.21428571e+00  3.99326249e+03  
4.85714286e+00  1.97779050e+04  
5.50000000e+00  3.75268359e+04  
6.14285714e+00  5.04288422e+04  
6.78571429e+00  5.06879458e+04  
7.42857143e+00  3.22807622e+04  
8.07142857e+00  -4.81241355e+03  
8.71428571e+00  -4.86741102e+04  
9.35714286e+00  -6.75850927e+04  
1.00000000e+01  0.00000000e+00  
