1 8404.84
2 1910.42
3 859.856
4 479.544
5 301.397
6 193.748
7 140.85
8 96.1996
9 96.4478
10 89.5661
11 93.7866
12 97.3497
13 103.003
14 110.193
15 119.278
16 103.356
17 94.5109
18 78.8601
19 64.0678
20 53.6369
21 51.641
22 45.7534
23 41.2969
24 38.9933
25 32.6947
26 26.9611
27 23.2833
28 19.8107
29 19.8543
30 17.7092
31 13.4583
32 11.8453
33 11.6435
34 9.9786
35 9.55613
36 8.61247
37 7.39818
38 6.92872
39 6.7814
40 6.53045
41 6.219
42 5.43373
43 4.60362
44 4.47984
45 4.36045
46 3.93555
47 3.80481
48 3.72411
49 3.25982
50 2.58089
51 2.37613
52 2.18028
53 2.03264
54 1.89741
55 1.79325
56 1.57243
57 1.30978
58 1.20203
59 0.995987
60 0.971546
61 0.788553
62 0.719995
63 0.6914
64 0.601982
65 0.57362
66 0.555321
67 0.503038
68 0.401602
69 0.338123
70 0.305885
71 0.262537
72 0.206044
73 0.185412
74 0.185623
75 0.162874
76 0.161407
77 0.135313
78 0.103277
79 0.0889957
80 0.0796645
81 0.0706987
82 0.0669313
83 0.0596179
84 0.0525932
85 0.0476759
86 0.0448085
87 0.0385235
88 0.0330736
89 0.0304936
90 0.0289929
91 0.0299898
92 0.0273626
93 0.0211878
94 0.0176434
95 0.0156041
96 0.0133609
97 0.0136115
98 0.013544
99 0.0128897
100 0.0143629
101 0.0130279
102 0.0125567
103 0.0110781
104 0.00798706
105 0.00698427
106 0.00569103
107 0.00551879
108 0.00493421
109 0.00491139
110 0.00419569
111 0.00359853
112 0.00320981
113 0.00300662
114 0.0029708
115 0.0030217
116 0.00246886
117 0.00190427
118 0.00165763
119 0.00165712
120 0.00156888
121 0.00152665
122 0.00119604
123 0.0011078
124 0.00103414
125 0.00102564
126 0.000960458
127 0.000790933
128 0.000696202
129 0.000585436
130 0.00054631
131 0.000501493
132 0.000453082
133 0.000333213
134 0.000289361
135 0.000274121
136 0.000255079
137 0.000248165
138 0.000244406
139 0.000195804
