1 85725.9
2 19910
3 9730.94
4 4653.25
5 2622.74
6 2122.14
7 1726.97
8 1176.32
9 898.035
10 787.782
11 616.484
12 472.809
13 425.639
14 396.888
15 379.395
16 346.785
17 324.388
18 292.096
19 236.379
20 232.598
21 187.026
22 178.307
23 179.348
24 165.241
25 171.724
26 160.082
27 163.621
28 168.858
29 174.913
30 156.744
31 127.762
32 118.585
33 128.551
34 139.957
35 144.504
36 132.179
37 125.247
38 126.332
39 120.969
40 128.708
41 129.113
42 119.822
43 130.206
44 121.637
45 107.006
46 102.492
47 98.1455
48 89.4526
49 93.0021
50 92.5709
51 97.8938
52 94.6931
53 108.251
54 116.757
55 121.738
56 122.29
57 131.649
58 129.135
59 104.257
60 97.064
61 99.5851
62 94.5219
63 90.6194
64 90.4203
65 76.8295
66 68.2173
67 62.9281
68 58.4141
69 59.0922
70 67.3641
71 60.6576
72 59.1755
73 65.1887
74 64.3037
75 61.4638
76 59.3947
77 57.7997
78 63.908
79 65.3194
80 67.4972
81 60.3718
82 54.6501
83 52.9667
84 50.9489
85 51.7103
86 46.5472
87 49.0451
88 50.6664
89 49.1448
90 47.8732
91 45.1124
92 39.4516
93 38.1812
94 40.2036
95 38.5532
96 38.6407
97 37.9721
98 35.8
99 30.983
100 29.0288
101 27.6272
102 25.924
103 20.4869
104 19.1148
105 16.474
106 14.2745
107 12.0385
108 12.5338
109 11.4082
110 9.05877
111 8.25351
112 7.12777
113 6.04785
114 6.16309
115 5.00699
116 4.15806
117 3.50745
118 3.13996
119 2.37252
120 2.15616
121 2.08486
122 1.73457
123 1.72994
124 1.79914
125 1.71068
126 1.5028
127 1.32695
128 1.18852
129 1.15515
130 1.19925
131 1.38317
132 1.29886
133 1.41731
134 1.34173
135 1.12354
136 1.08137
137 1.04713
138 0.989387
139 0.961251
140 0.89171
141 0.937556
142 0.976793
143 0.880437
144 1.05196
145 0.918163
146 0.84861
147 0.860349
148 0.908101
149 0.896416
150 0.811436
151 0.814305
152 0.721243
153 0.840953
154 0.783621
155 0.726671
156 0.714484
157 0.695264
158 0.611071
159 0.632297
160 0.656102
161 0.64456
162 0.538586
163 0.663324
164 0.611961
165 0.602686
166 0.760528
167 0.673017
168 0.73151
169 0.810963
170 0.751213
171 0.74497
172 0.790904
173 0.72995
174 0.607417
175 0.544533
176 0.500923
177 0.466389
178 0.458159
179 0.397562
180 0.34926
181 0.340145
182 0.25977
183 0.262445
184 0.256762
185 0.221021
186 0.272169
187 0.295816
188 0.254653
189 0.258257
190 0.258868
191 0.231582
192 0.204113
193 0.220218
194 0.230539
195 0.225097
196 0.187146
197 0.160783
198 0.146747
199 0.126555
200 0.135735
201 0.165214
202 0.151757
203 0.142152
204 0.119365
205 0.140204
206 0.124399
207 0.0925882
208 0.102762
209 0.11297
210 0.0977431
211 0.103666
212 0.110607
213 0.0814346
214 0.0862217
215 0.101419
216 0.0994609
217 0.0873978
218 0.099933
219 0.0769782
220 0.068549
221 0.077218
222 0.0559603
223 0.0550078
224 0.0598339
225 0.0577753
226 0.0473741
227 0.0462797
228 0.0558804
229 0.0452418
230 0.0589033
231 0.0554073
232 0.045411
233 0.0534829
234 0.0523011
235 0.0304461
236 0.0400718
237 0.0367148
238 0.0162757
239 0.0216002
240 0.067936
241 0.0441903
242 0.00144081
243 0.00255438
