1 -0.509046 -1.000000 -0.850000
2 -0.505636 -0.950000 -0.740000
3 -0.499883 -0.900000 -1.050000
4 -0.488629 -0.850000 -0.980000
5 -0.472461 -0.800000 -0.810000
6 -0.452918 -0.750000 -0.750000
7 -0.430404 -0.700000 -0.680000
8 -0.405394 -0.650000 -0.460000
9 -0.379838 -0.600000 -0.490000
10 -0.353181 -0.550000 -0.710000
11 -0.322955 -0.500000 -0.580000
12 -0.290159 -0.450000 -0.620000
13 -0.254064 -0.400000 -0.420000
14 -0.216310 -0.350000 -0.230000
15 -0.178419 -0.300000 -0.110000
16 -0.141212 -0.250000 -0.250000
17 -0.102917 -0.200000 -0.230000
18 -0.063352 -0.150000 -0.090000
19 -0.023520 -0.100000 0.030000
20 0.015777 -0.050000 -0.130000
21 0.056532 0.000000 0.010000
22 0.097752 0.050000 -0.000000
23 0.139950 0.100000 -0.030000
24 0.183847 0.150000 -0.020000
25 0.229782 0.200000 0.200000
26 0.276016 0.250000 0.320000
27 0.321809 0.300000 0.360000
28 0.367221 0.350000 0.230000
29 0.414005 0.400000 0.220000
30 0.462730 0.450000 0.430000
31 0.511781 0.500000 0.400000
32 0.561950 0.550000 0.510000
33 0.612639 0.600000 0.810000
34 0.661354 0.650000 0.930000
35 0.707382 0.700000 0.770000
36 0.752784 0.750000 0.840000
37 0.797315 0.800000 0.670000
38 0.843118 0.850000 0.800000
39 0.889353 0.900000 0.810000
40 0.936381 0.950000 1.030000
41 0.982473 1.000000 1.100000
42 1.027389 1.050000 1.000000
43 1.072580 1.100000 1.070000
44 1.117796 1.150000 1.070000
45 1.163491 1.200000 1.230000
46 1.208520 1.250000 1.250000
47 1.253134 1.300000 1.230000
48 1.297980 1.350000 1.420000
49 1.341606 1.400000 1.340000
50 1.385248 1.450000 1.420000
51 1.428542 1.500000 1.410000
52 1.472021 1.550000 1.510000
53 1.515121 1.600000 1.680000
54 1.556572 1.650000 1.760000
55 1.595988 1.700000 1.720000
56 1.634165 1.750000 1.720000
57 1.671483 1.800000 1.780000
58 1.707716 1.850000 1.850000
59 1.742526 1.900000 1.860000
60 1.776161 1.950000 1.900000
61 1.808558 2.000000 1.930000
62 1.839741 2.050000 2.030000
63 1.869021 2.100000 2.080000
64 1.896191 2.150000 2.130000
65 1.921023 2.200000 2.210000
66 1.942965 2.250000 2.270000
67 1.961637 2.300000 2.180000
68 1.978126 2.350000 2.420000
69 1.990195 2.400000 2.500000
70 1.997167 2.450000 2.470000
71 1.999410 2.500000 2.480000
72 1.996848 2.550000 2.490000
73 1.989353 2.600000 2.650000
74 1.975253 2.650000 2.640000
75 1.954505 2.700000 2.900000
76 1.924302 2.750000 2.850000
77 1.884842 2.800000 2.680000
78 1.837430 2.850000 2.890000
79 1.779493 2.900000 2.810000
80 1.711251 2.950000 2.910000
81 1.631021 3.000000 2.970000
82 1.537401 1.000000 0.960000
83 1.449556 0.950000 1.020000
84 1.366006 0.900000 0.730000
85 1.288816 0.860000 1.000000
86 1.214514 0.810000 0.950000
87 1.142857 0.770000 0.710000
88 1.075529 0.720000 0.400000
89 1.014956 0.680000 0.710000
90 0.957433 0.640000 0.690000
91 0.902584 0.600000 0.650000
92 0.850261 0.560000 0.770000
93 0.798740 0.530000 0.570000
94 0.749507 0.490000 0.410000
95 0.703669 0.460000 0.370000
96 0.661168 0.420000 0.380000
97 0.621478 0.390000 0.520000
98 0.582803 0.360000 0.340000
99 0.546556 0.330000 0.390000
100 0.511875 0.300000 0.440000
101 0.477912 0.280000 0.150000
102 0.447229 0.250000 0.230000
103 0.418717 0.230000 0.290000
104 0.391493 0.200000 0.260000
105 0.365584 0.180000 0.250000
106 0.340831 0.160000 0.230000
107 0.317186 0.140000 0.200000
108 0.294713 0.120000 0.060000
109 0.274586 0.110000 0.240000
110 0.254806 0.090000 0.150000
111 0.236074 0.080000 -0.040000
112 0.220102 0.060000 0.050000
113 0.205831 0.050000 0.130000
114 0.192319 0.040000 0.100000
115 0.179730 0.030000 0.050000
116 0.168438 0.020000 -0.110000
117 0.159930 0.020000 0.150000
118 0.151522 0.010000 -0.150000
119 0.146129 0.010000 0.010000
120 0.142097 0.000000 0.080000
121 0.138687 0.000000 0.080000
122 0.135863 0.000000 -0.030000
123 0.134698 0.000000 0.050000
124 0.134379 0.000000 -0.100000
125 0.136405 0.010000 0.210000
126 0.137695 0.010000 -0.070000
127 0.141061 0.020000 -0.070000
128 0.146538 0.020000 -0.090000
129 0.154381 0.030000 -0.110000
130 0.164867 0.040000 0.080000
131 0.176202 0.050000 -0.130000
132 0.190600 0.060000 0.110000
133 0.205803 0.080000 0.040000
134 0.222664 0.090000 0.020000
135 0.241552 0.110000 0.160000
136 0.261255 0.120000 0.020000
137 0.283371 0.140000 0.100000
138 0.307320 0.160000 0.240000
139 0.331943 0.180000 0.280000
140 0.357086 0.200000 0.140000
141 0.384399 0.230000 0.300000
142 0.412556 0.250000 0.020000
143 0.444639 0.280000 0.140000
144 0.479768 0.300000 0.430000
145 0.515395 0.330000 0.350000
146 0.552675 0.360000 0.200000
147 0.593483 0.390000 0.460000
148 0.635625 0.420000 0.350000
149 0.680624 0.460000 0.450000
150 0.727929 0.490000 0.430000
151 0.778213 0.530000 0.440000
152 0.831879 0.560000 0.590000
153 0.887965 0.600000 0.690000
154 0.946029 0.640000 0.800000
155 1.005554 0.680000 0.740000
156 1.067735 0.720000 0.470000
157 1.135893 0.770000 0.930000
158 1.206110 0.810000 0.880000
159 1.279587 0.860000 0.820000
160 1.357661 0.900000 0.900000
161 1.440311 0.950000 1.020000
162 1.527165 1.000000 1.080000
163 1.618490 3.000000 2.960000
164 1.696400 2.950000 2.910000
165 1.762174 2.900000 2.820000
166 1.817369 2.850000 2.850000
167 1.862239 2.800000 2.710000
168 1.898630 2.750000 2.620000
169 1.927809 2.700000 2.760000
170 1.948665 2.650000 2.610000
171 1.962908 2.600000 2.640000
172 1.970380 2.550000 2.500000
173 1.972555 2.500000 2.610000
174 1.968357 2.450000 2.420000
175 1.959641 2.400000 2.280000
176 1.947723 2.350000 2.550000
177 1.929781 2.300000 2.250000
178 1.908637 2.250000 2.150000
179 1.885080 2.200000 2.040000
180 1.859973 2.150000 1.830000
181 1.835166 2.100000 2.160000
182 1.807111 2.050000 2.180000
183 1.775327 2.000000 1.940000
184 1.741896 1.950000 1.750000
185 1.708384 1.900000 1.820000
186 1.673756 1.850000 1.610000
187 1.639765 1.800000 1.670000
188 1.605473 1.750000 1.780000
189 1.569434 1.700000 1.730000
190 1.531790 1.650000 1.610000
191 1.493364 1.600000 1.440000
192 1.455472 1.550000 1.660000
193 1.415534 1.500000 1.420000
194 1.375552 1.450000 1.360000
195 1.335725 1.400000 1.520000
196 1.294056 1.350000 1.340000
197 1.251927 1.300000 1.420000
198 1.208117 1.250000 1.290000
199 1.163488 1.200000 1.170000
200 1.118794 1.150000 1.190000
201 1.073389 1.100000 1.340000
202 1.025317 1.050000 1.090000
203 0.976598 1.000000 0.930000
204 0.928346 0.950000 0.840000
205 0.880977 0.900000 0.880000
206 0.833617 0.850000 0.800000
207 0.786594 0.800000 0.570000
208 0.741737 0.750000 0.650000
209 0.697797 0.700000 0.770000
210 0.653136 0.650000 0.820000
211 0.606805 0.600000 0.690000
212 0.559643 0.550000 0.530000
213 0.512777 0.500000 0.480000
214 0.466239 0.450000 0.390000
215 0.420463 0.400000 0.440000
216 0.374492 0.350000 0.360000
217 0.328666 0.300000 0.180000
218 0.284327 0.250000 0.220000
219 0.240630 0.200000 0.180000
220 0.197541 0.150000 0.110000
221 0.155326 0.100000 0.130000
222 0.113365 0.050000 0.050000
223 0.072038 0.000000 -0.030000
224 0.031730 -0.050000 0.030000
225 -0.008559 -0.100000 -0.130000
226 -0.047635 -0.150000 -0.190000
227 -0.085287 -0.200000 -0.060000
228 -0.123191 -0.250000 -0.330000
229 -0.159028 -0.300000 -0.310000
230 -0.193355 -0.350000 -0.360000
231 -0.226016 -0.400000 -0.170000
232 -0.259236 -0.450000 -0.310000
233 -0.291949 -0.500000 -0.390000
234 -0.323682 -0.550000 -0.470000
235 -0.353951 -0.600000 -0.600000
236 -0.381760 -0.650000 -0.800000
237 -0.405387 -0.700000 -0.600000
238 -0.427067 -0.750000 -0.770000
239 -0.445318 -0.800000 -0.820000
240 -0.459822 -0.850000 -0.880000
241 -0.470125 -0.900000 -0.730000
242 -0.477828 -0.950000 -0.850000
243 -0.481810 -1.000000 -0.880000
