Bloque Clase esperada Clase obtenida
2 1 1
6 1 1
16 1 1
23 1 1
26 1 1
31 1 1
36 1 2
47 1 1
48 1 1
50 1 1
57 1 1
58 1 1
63 1 1
64 1 1
65 1 1
69 1 1
74 1 1
75 1 1
80 1 1
84 1 1
85 1 1
87 1 1
95 1 1
98 1 1
103 1 1
104 1 1
106 1 1
107 1 1
110 1 1
116 1 1
118 1 1
120 1 1
123 1 1
127 1 1
128 1 1
131 1 1
132 1 1
133 1 1
137 1 1
142 1 1
146 1 1
150 1 1
152 1 1
156 1 1
157 1 1
162 1 1
163 1 1
166 1 1
168 1 1
178 1 1
182 1 1
183 1 1
184 1 1
187 1 1
191 1 1
193 1 1
194 1 1
197 1 1
201 1 1
204 1 1
205 1 1
211 1 1
213 1 1
214 1 1
215 1 2
217 1 1
219 1 2
224 1 1
230 1 1
237 2 2
238 2 2
242 2 1
246 2 2
256 2 2
261 2 2
267 2 2
270 2 2
277 2 2
283 2 2
284 2 2
286 2 2
288 2 2
291 2 2
292 2 2
299 2 2
302 2 2
303 2 2
306 2 2
308 2 2
316 2 2
319 2 2
321 2 2
324 2 2
337 2 2
340 2 2
342 2 2
343 2 2
347 2 2
349 2 2
351 2 1
355 2 2
356 2 2
360 2 2
362 2 2
363 2 2
364 2 1
365 2 2
366 2 2
368 2 2
371 2 2
379 2 2
381 2 2
382 2 2
383 2 2
384 2 2
385 2 2
386 2 2
387 2 2
389 2 2
391 2 2
394 2 2
397 2 2
399 2 2
401 2 2
404 2 2
408 2 2
411 2 2
414 2 2
415 2 2
416 2 2
432 2 2
441 2 2
442 2 2
