0 0 0 0 0 0 0 9 0 0 5 7 0 2 0 0
1 0 0 0 0 2 0 5 0 16 8 0 0 0 3 13
3 0 2 0 0 6 12 13 1 0 0 0 0 7 0 16
15 0 0 0 0 0 0 0 2 6 0 11 0 0 8 1
6 0 9 0 4 13 3 0 0 0 10 0 0 15 16 0
0 11 0 0 0 1 5 15 0 0 2 0 3 0 0 9
10 3 14 15 0 0 0 2 0 0 9 0 0 0 4 0
0 0 4 2 0 12 0 7 15 0 0 0 0 10 6 11
7 14 11 0 0 0 0 12 8 0 6 0 1 16 0 0
0 9 0 0 0 3 0 0 12 0 0 0 7 6 10 14
16 0 0 1 0 11 0 0 14 10 7 0 0 0 5 0
0 6 8 0 0 10 0 0 0 9 1 2 0 11 0 12
13 15 0 0 11 0 2 10 0 0 0 0 0 0 0 5
5 0 10 0 0 0 0 8 11 14 16 0 0 13 0 2
11 7 0 0 0 5 13 0 9 0 15 0 0 0 0 6
0 0 6 0 15 7 0 0 5 0 0 0 0 0 0 0
