0.000000 0.000000 -0.044525
0.064114 0.064070 0.037295
0.128228 0.127877 0.115706
0.192342 0.191159 0.190708
0.256457 0.253655 0.262301
0.320571 0.315108 0.330484
0.384685 0.375267 0.395259
0.448799 0.433884 0.456624
0.512913 0.490718 0.514580
0.577027 0.545535 0.569127
0.641141 0.598111 0.620264
0.705255 0.648228 0.667993
0.769370 0.695683 0.712312
0.833484 0.740278 0.753222
0.897598 0.781831 0.790723
0.961712 0.820172 0.824815
1.025826 0.855143 0.855498
1.089940 0.886599 0.882771
1.154054 0.914413 0.906635
1.218169 0.938468 0.927090
1.282283 0.958668 0.944136
1.346397 0.974928 0.957773
1.410511 0.987182 0.968001
1.474625 0.995379 0.974819
1.538739 0.999486 0.978228
1.602853 0.999486 0.978228
1.666968 0.995379 0.974819
1.731082 0.987182 0.968001
1.795196 0.974928 0.957773
1.859310 0.958668 0.944136
1.923424 0.938468 0.927090
1.987538 0.914413 0.906635
2.051652 0.886599 0.882771
2.115766 0.855143 0.855498
2.179881 0.820172 0.824815
2.243995 0.781831 0.790723
2.308109 0.740278 0.753222
2.372223 0.695683 0.712312
2.436337 0.648228 0.667993
2.500451 0.598111 0.620264
2.564565 0.545535 0.569127
2.628680 0.490718 0.514580
2.692794 0.433884 0.456624
2.756908 0.375267 0.395259
2.821022 0.315108 0.330484
2.885136 0.253655 0.262301
2.949250 0.191159 0.190708
3.013364 0.127877 0.115706
3.077479 0.064070 0.037295
3.141593 0.000000 -0.044525
