1899 19921 "OK" 1528070631.6356 NA NA 11.472619047619 12.6748538011696 12.7114170040486 NA 9.84705882352941 14.0704545454545 12.4932178932179 13.4896153846154 13.7222222222222 12.674269005848 13.1666666666667 12.5567307692308 "34.126698,-118.408508" "34.0501934563953,-118.508168128588"
1435 11204 "OK" 1528070825.62398 NA NA 10.9492857142857 12.5593567251462 12.6363742690058 NA 9.74166666666667 13.9580808080808 12.5828282828283 13.010303030303 13.3423579688286 12.8763888888889 12.5880952380952 13.5492307692308 "34.126698,-118.408508" "34.0640638965001,-118.371252224661"
1185 11318 "OK" 1528070984.48665 NA NA 11.8309523809524 12.3947368421053 12.4672064777328 NA 9.12941176470588 13.5749417249417 12.620202020202 12.9146153846154 13.5784722222222 12.9040935672515 13.7166666666667 12.6634615384615 "34.126698,-118.408508" "34.0891021236128,-118.445661773816"
1501 13004 "OK" 1528071170.19584 NA NA 11.2 12.2680921052632 12.5044228217603 13.1484848484848 9.77380952380952 13.9481818181818 13.3412698412698 13.3436363636364 13.2722222222222 12.5442380460956 13.3458333333333 12.1882783882784 "34.126698,-118.408508" "34.0422271504023,-118.424293450093"
1103 8727 "OK" 1528071299.21863 NA NA 11.9541666666667 12.6894736842105 12.6578947368421 10.925 8.64705882352941 13.1173076923077 12.6111111111111 12.7584615384615 13.4520833333333 12.8833333333333 13.8666666666667 14.2884615384615 "34.126698,-118.408508" "34.1609242172751,-118.373097391689"
1493 20270 "OK" 1528071409.33481 NA NA 12.0541666666667 12.8772291021672 12.6263157894737 11.9428571428571 9.3937908496732 13.6649038461538 12.1755555555556 13.3187179487179 13.2423717948718 12.855637254902 13.1585714285714 13.9358974358974 "34.126698,-118.408508" "34.1377884376851,-118.539174821026"
1185 13944 "OK" 1528071686.36747 NA NA 11.5041666666667 12.6781578947368 12.6736842105263 11.2285714285714 8.61764705882353 13.1523076923077 12.4511111111111 13.0353846153846 13.3552884615385 12.8458333333333 13.0285714285714 14.2384615384615 "34.126698,-118.408508" "34.1602716733798,-118.499800705283"
1654 14918 "OK" 1528071877.23664 NA NA 10.9166666666667 12.7236670106639 12.0699690402477 11.9571428571429 10.3681617647059 13.2830586080586 12.4930555555556 13.6985714285714 12.75625 12.581045751634 13.2863636363636 13.1192307692308 "34.126698,-118.408508" "34.2139545743585,-118.370730308009"
605 3932 "OK" 1528072069.46063 NA NA 12.2866666666667 12.3947368421053 12.2926900584795 13.5 9.26274509803921 13.6367521367521 11.8972222222222 12.8 13.4787990196078 12.7395424836601 13.7952380952381 14.5192307692308 "34.126698,-118.408508" "34.098131051351,-118.412734458568"
1253 9852 "OK" 1528072321.57601 NA NA 13.047619047619 12.3159249226006 12.8219298245614 14.25 10.2486111111111 13.7995238095238 12.7269841269841 12.5267032967033 13.7301587301587 12.7331623931624 14.2482142857143 13.6358974358974 "34.126698,-118.408508" "34.0808952863504,-118.371156831672"
2263 16745 "OK" 1528072484.96298 NA NA 13.0119047619048 12.6210526315789 12.2201651186791 12.1 10.0970231007383 13.889010989011 12.884126984127 13.5305128205128 13.3413888888889 12.8561403508772 13.6645454545455 13.5370085470085 "34.126698,-118.408508" "34.0275810269776,-118.359342207385"
1604 20793 "OK" 1528072534.06323 NA NA 11.9433333333333 12.6760233918129 12.7712280701754 NA 9.76507352941177 13.6728205128205 12.2385101010101 13.3966666666667 13.6041666666667 12.7140350877193 13.2269230769231 13.7692307692308 "34.126698,-118.408508" "34.1229875680625,-118.277207074203"
478 3778 "OK" 1528072548.61212 NA NA 11.8791666666667 12.5789473684211 12.4473684210526 10.78 8.64705882352941 13.2173076923077 12.6111111111111 12.645 13.5014423076923 12.9033333333333 13.425 14.2884615384615 "34.126698,-118.408508" "34.1436796356768,-118.41119268947"
1719 22027 "OK" 1528072719.32061 NA NA 11.5433333333333 12.8760233918129 12.8842105263158 11.775 8.74705882352941 13.2478205128205 12.4597222222222 13.5866666666667 13.2144230769231 12.8163742690058 13.325 14.1765034965035 "34.126698,-118.408508" "34.0782321625297,-118.27088079099"
1837 19347 "OK" 1528072728.72351 NA NA 11.3166666666667 12.6867389060888 12.4497484520124 12.05 10.4075494165277 13.7461538461538 12.884126984127 13.3382051282051 13.2656746031746 12.9564499484004 13.6190909090909 13.8592307692308 "34.126698,-118.408508" "34.0157234572698,-118.447774858911"
1355 12628 "OK" 1528072789.55606 NA NA 11.7031746031746 12.569298245614 12.4514170040486 NA 9.85 13.6871212121212 11.9932178932179 13.3646153846154 13.8106837606838 12.8844857241142 13.3541666666667 12.7228021978022 "34.126698,-118.408508" "34.0837865198957,-118.450184745967"
1318 11620 "OK" 1528072800.90778 NA NA 11.8392857142857 12.5859821121431 12.3139933166249 NA 9.675 14.0021367521368 12.3555555555556 13.0538095238095 13.4577425842132 12.7196637426901 13.0277777777778 13.6406593406593 "34.126698,-118.408508" "34.0546245643236,-118.434297458911"
1463 13848 "OK" 1528072913.25614 NA NA 11.7031746031746 12.569298245614 12.4514170040486 NA 9.83571428571429 13.5469696969697 11.9932178932179 13.3379487179487 13.7888888888889 12.8844857241142 13.3 12.7228021978022 "34.126698,-118.408508" "34.1044792449713,-118.45909644537"
1712 16233 "OK" 1528072986.0776 NA NA 11.727619047619 12.7467492260062 12.6777327935223 NA 9.77058823529412 13.9621212121212 12.7217893217893 13.4261538461538 13.4855555555556 12.8929824561404 13.6121212121212 12.4497863247863 "34.126698,-118.408508" "34.0534415596639,-118.466204871833"
1805 22699 "OK" 1528072995.57884 NA NA 11.5433333333333 12.8760233918129 12.8842105263158 11.775 8.74705882352941 13.2478205128205 12.4597222222222 13.5866666666667 13.2144230769231 12.8163742690058 13.325 14.1765034965035 "34.126698,-118.408508" "34.0888733403224,-118.27479725522"
553 4392 "OK" 1528073175.75728 NA NA 11.4555555555556 12.6736842105263 12.6578947368421 11.34 8.64705882352941 12.9339743589744 12.5333333333333 13.0353846153846 13.2706730769231 12.9175438596491 13.86 14.2657342657343 "34.126698,-118.408508" "34.154973901851,-118.412904980591"
1643 15727 "OK" 1528073192.4746 NA NA 13.1233333333333 12.6991228070175 12.3699690402477 12.1 10.6101809954751 13.9361538461538 11.5269841269841 13.5833333333333 13.5513888888889 12.9335087719298 13.4736363636364 13.3925641025641 "34.126698,-118.408508" "34.0340852189028,-118.43797622692"
1490 13139 "OK" 1528073389.94868 NA NA 11.8333333333333 12.5187134502924 12.3386996904025 11.6 9.57882352941176 13.050641025641 12.8986111111111 13.1485714285714 13.09375 12.7888888888889 13.2363636363636 13.5384615384615 "34.126698,-118.408508" "34.2018277889003,-118.374725927624"
1717 21996 "OK" 1528073468.72763 NA NA 12.0652777777778 12.9184055727554 12.6315789473684 12.8333333333333 9.46045751633987 13.521722027972 12.1755555555556 13.5568131868132 13.3490384615385 12.8569444444444 13.0357142857143 13.8692307692308 "34.126698,-118.408508" "34.1265648515356,-118.549538891133"
1379 20861 "OK" 1528073474.37971 NA NA 11.5433333333333 12.8760233918129 12.8842105263158 11.775 8.74705882352941 13.2478205128205 12.4597222222222 13.5866666666667 13.2144230769231 12.8163742690058 13.325 14.1765034965035 "34.126698,-118.408508" "34.1524813584651,-118.282868472032"
1241 9349 "OK" 1528073476.83704 NA NA 12.8142857142857 12.2993808049536 12.6510147918817 13.1666666666667 10.3236111111111 13.8547619047619 12.5569841269841 12.38 13.7444444444444 12.8615277777778 13.9746031746032 13.6936752136752 "34.126698,-118.408508" "34.0880940470344,-118.356710735958"
1506 17645 "OK" 1528073480.36573 NA NA 11.1619047619048 12.962865497076 12.8996904024768 NA 9.23529411764706 13.3536538461538 12.6330555555556 13.5609090909091 12.765119047619 12.9047619047619 13.2671428571429 12.9881196581197 "34.126698,-118.408508" "34.2404691659341,-118.398474847674"
1183 12470 "OK" 1528073584.31837 NA NA 11.1619047619048 12.962865497076 12.8996904024768 NA 9.23529411764706 13.3536538461538 12.6330555555556 13.5609090909091 12.765119047619 12.9047619047619 13.2671428571429 12.9881196581197 "34.126698,-118.408508" "34.2017498490927,-118.402758722791"
1119 10554 "OK" 1528073663.79912 NA NA 11.9166666666667 12.3736842105263 12.4377192982456 10.89 9.69453781512605 13.5323076923077 12.5236111111111 13.12 13.25 12.7754385964912 14.0222222222222 14.2384615384615 "34.126698,-118.408508" "34.1780605605516,-118.453075949503"
1811 13813 "OK" 1528073839.00192 NA NA 11.3267857142857 12.5719298245614 12.4622076023392 NA 10.0354166666667 13.9730158730159 12.0828282828283 12.8341666666667 13.3067810457516 12.7805555555556 13.1833333333333 14.3965034965035 "34.126698,-118.408508" "34.0556417139553,-118.350331467645"
