4677 28508 "OK" 1528070801.25014 NA NA NA NA NA NA NA NA NA NA NA NA NA NA "41.874372,120.370954" "41.8166754094401,120.269595543141"
2891 17719 "OK" 1528071145.77993 NA NA NA NA NA NA NA NA NA NA NA NA NA NA "41.874372,120.370954" "41.787944788187,120.462288321846"
3768 22947 "OK" 1528071662.31339 NA NA NA NA NA NA NA NA NA NA NA NA NA NA "41.874372,120.370954" "41.9567084882281,120.46364232868"
0 0 "OK" 1528071856.90615 NA NA NA NA NA NA NA NA NA NA NA NA NA NA "41.874372,120.370954" "41.8726938256744,120.358207106925"
3065 18674 "OK" 1528072044.76509 NA NA NA NA NA NA NA NA NA NA NA NA NA NA "41.874372,120.370954" "41.947165223038,120.405404443514"
6974 39451 "OK" 1528072703.91857 NA NA NA NA NA NA NA NA NA NA NA NA NA NA "41.874372,120.370954" "41.9039042273826,120.209853647872"
2147 13128 "OK" 1528072888.96548 NA NA NA NA NA NA NA NA NA NA NA NA NA NA "41.874372,120.370954" "41.8145396371246,120.453823502761"
3754 22933 "OK" 1528072962.62515 NA NA NA NA NA NA NA NA NA NA NA NA NA NA "41.874372,120.370954" "41.771260416794,120.308558738271"
3660 22446 "OK" 1528072971.62623 NA NA NA NA NA NA NA NA NA NA NA NA NA NA "41.874372,120.370954" "41.9063333629346,120.536690948971"
9074 55429 "OK" 1528073151.5646 NA NA NA NA NA NA NA NA NA NA NA NA NA NA "41.874372,120.370954" "41.8716541642087,120.231840327436"
4181 25179 "OK" 1528073168.00071 NA NA NA NA NA NA NA NA NA NA NA NA NA NA "41.874372,120.370954" "41.9261528497986,120.553312021753"
5443 33140 "OK" 1528073365.91054 NA NA NA NA NA NA NA NA NA NA NA NA NA NA "41.874372,120.370954" "41.8364215590355,120.189985192541"
832 5033 "OK" 1528073559.39705 NA NA NA NA NA NA NA NA NA NA NA NA NA NA "41.874372,120.370954" "41.8301931797738,120.407688618157"
3552 21835 "OK" 1528073640.74035 NA NA NA NA NA NA NA NA NA NA NA NA NA NA "41.874372,120.370954" "41.8772002383801,120.352960002091"
2501 14645 "OK" 1528074139.57034 NA NA NA NA NA NA NA NA NA NA NA NA NA NA "41.874372,120.370954" "41.9057888687518,120.437168060807"
3612 21765 "OK" 1528074203.43218 NA NA NA NA NA NA NA NA NA NA NA NA NA NA "41.874372,120.370954" "41.8029883829591,120.502728066986"
