11589 125555 "OK" 1528070716.24123 NA NA NA 12.3 13.0961538461538 NA 12.2028571428571 NA NA NA 12.535 11.9599264705882 13.7333333333333 NA "4.650069,-74.09554" "4.7275315178112,-74.6768062972894"
51837 464171 "OK" 1528071064.21359 NA NA NA NA NA NA NA NA NA NA NA NA NA NA "4.650069,-74.09554" "4.34036438722356,-71.0067557143994"
22564 288642 "OK" 1528071582.34921 NA NA NA NA NA NA NA NA NA NA NA 13.55625 13.5875 NA "4.650069,-74.09554" "4.34101992107486,-72.6431099879474"
15828 203847 "OK" 1528071773.46442 NA NA NA NA 12.2333333333333 NA 11.8591666666667 NA NA NA 12.5625 12.4395833333333 13.0875 NA "4.650069,-74.09554" "4.41461594267307,-73.1075084760495"
9113 98697 "OK" 1528071960.17068 NA NA NA 12.997619047619 10.3916666666667 NA 13.0444444444444 13.31 NA NA 12.6719327731092 12.4097527472527 13.5285714285714 NA "4.650069,-74.09554" "5.12035728364687,-74.2995194372209"
5984 60042 "OK" 1528072617.02142 NA NA 11.7454545454545 12.0848416289593 12.2 NA 11.5598214285714 13.5266666666667 12.3929487179487 11.9 12.58375 12.2533333333333 13.0571428571429 NA "4.650069,-74.09554" "4.42343143760005,-73.9252403653524"
60123 705580 "OK" 1528072809.22877 NA NA NA NA NA NA NA NA NA NA NA NA NA NA "4.650069,-74.09554" "4.37093550512237,-69.082851839731"
16975 254161 "OK" 1528072874.73797 NA NA NA NA 12.21875 NA 11.5044019138756 NA NA NA 12.0336842105263 12.386525974026 13.9181818181818 NA "4.650069,-74.09554" "4.2057131688721,-72.4861199599695"
27753 378458 "OK" 1528072885.97773 NA NA NA NA 12.1 NA 11.3087878787879 NA NA NA 11.99 11.8002622377622 14.4 NA "4.650069,-74.09554" "4.57599686474944,-71.5587555144182"
47351 597398 "OK" 1528073070.49058 NA NA NA NA NA NA NA NA NA NA NA NA NA NA "4.650069,-74.09554" "4.67089268925549,-69.8779442413579"
8467 53490 "OK" 1528073081.54687 NA NA NA NA NA NA NA NA NA NA 12.894537815126 12.2884415584416 14.4428571428571 NA "4.650069,-74.09554" "4.63793126379498,-73.8671147352224"
23491 345120 "OK" 1528073280.6377 NA NA NA NA 12.1 NA 11.3087878787879 NA NA NA 11.99 11.8002622377622 14.4 NA "4.650069,-74.09554" "4.46604855730904,-71.8171399916681"
35413 491973 "OK" 1528073473.16958 NA NA NA NA 13.4866666666667 NA 13.3877777777778 NA NA NA 12.0375 12.4215384615385 13.8923076923077 NA "4.650069,-74.09554" "4.66050719785482,-71.6952727374515"
29233 371823 "OK" 1528073558.02211 NA NA 12.2388636363636 12.3783422459893 12.3405555555556 13.05 12.4481580510992 13.3754621848739 11.1659673659674 12.2977777777778 12.1686842105263 12.7062865497076 12.5416666666667 12.425641025641 "4.650069,-74.09554" "5.06763160920763,-75.9161703950461"
14471 211816 "OK" 1528074046.6419 NA NA 12.4988636363636 11.9883422459893 11.7016666666667 NA 12.2340404040404 13.0842857142857 11.4621212121212 11.02 12.2786842105263 12.0832706766917 12.4141025641026 10.9423076923077 "4.650069,-74.09554" "4.38594060694106,-75.3592006252502"
12791 158493 "OK" 1528074117.08657 NA NA NA 12.1333333333333 13.2711538461538 NA 12.1028571428571 NA NA NA 12.1016666666667 11.9402836134454 13.7333333333333 NA "4.650069,-74.09554" "4.93455846856275,-74.9149942225301"
22421 267808 "OK" 1528074320.91562 NA NA NA NA NA NA NA NA NA NA NA NA NA NA "4.650069,-74.09554" "4.25057019981843,-75.5802800586097"
