203 896 "OK" 1528070725.71944 NA NA 11.3344444444444 12.9892565359477 12.1824561403509 13.3208333333333 10.5947368421053 13.8730769230769 11.5036111111111 13.0285714285714 11.890780873753 12.3402777777778 12.6341666666667 12.9024754901961 "-34.615361,-58.449826" "-34.6128011738053,-58.4456576332719"
354 2338 "OK" 1528071070.71135 NA NA 11.5666666666667 12.4923611111111 12.2431512605042 11.6428571428571 11.0189215686275 13.2042735042735 11.6414141414141 12.964329004329 11.8565359477124 12.6143790849673 13.2630769230769 12.9899159663866 "-34.615361,-58.449826" "-34.6130481920933,-58.4643208835603"
430 2134 "OK" 1528071589.38044 NA NA 10.5858333333333 12.9784722222222 12.3516666666667 11.7535714285714 11.2495356037152 13.2118131868132 12.1696103896104 12.4452380952381 11.5565359477124 12.8955555555556 13.7117171717172 13.1292810457516 "-34.615361,-58.449826" "-34.6004617418951,-58.4518864090182"
835 3825 "OK" 1528071781.32054 NA NA 9.61590909090909 12.4619152046784 12.1476470588235 12.4366666666667 10.7970588235294 12.7230769230769 11.6909090909091 12.7527472527473 12.0277777777778 12.4277777777778 13.0035353535354 12.7639705882353 "-34.615361,-58.449826" "-34.6363796612887,-58.4409700339132"
768 3417 "OK" 1528071969.93756 NA NA 10.3533333333333 12.436862745098 11.8496078431373 13.2557142857143 10.7796568627451 13.7600815850816 11.3918831168831 13.2151785714286 12.0441520467836 11.9432404540764 13.1242735042735 12.9400735294118 "-34.615361,-58.449826" "-34.6286187106161,-58.4345986170159"
643 2812 "OK" 1528072628.73472 NA NA 10.7703463203463 12.8366071428571 12.3414705882353 12.1785714285714 11.0770467836257 12.9737179487179 11.8315151515152 12.793956043956 11.9644306845545 12.7439484126984 13.2119696969697 12.9379679144385 "-34.615361,-58.449826" "-34.5992694948887,-58.4405554832838"
825 3826 "OK" 1528072815.36313 NA NA 10.3533333333333 12.436862745098 11.8496078431373 13.2557142857143 10.7796568627451 13.7600815850816 11.3918831168831 13.2151785714286 12.0441520467836 11.9432404540764 13.1242735042735 12.9400735294118 "-34.615361,-58.449826" "-34.6343120945162,-58.4333788221762"
428 2201 "OK" 1528072884.83904 NA NA 10.3366666666667 12.701568627451 11.7658823529412 13.5311111111111 10.7427416580667 13.7650815850816 11.3295454545455 12.9690476190476 12.015393876849 12.766339869281 13.16 12.9375 "-34.615361,-58.449826" "-34.6119036272659,-58.4339694055453"
810 3670 "OK" 1528072893.76179 NA NA 10.3533333333333 12.436862745098 11.8496078431373 13.2557142857143 10.7796568627451 13.7600815850816 11.3918831168831 13.2151785714286 12.0441520467836 11.9432404540764 13.1242735042735 12.9400735294118 "-34.615361,-58.449826" "-34.6299763483646,-58.4298775045091"
360 2562 "OK" 1528073076.75275 NA NA 11.4190476190476 12.4645833333333 12.0602941176471 12 11.0253174603175 13.5042735042735 11.8959595959596 13.0752380952381 11.8419526143791 12.4261437908497 12.94 12.9899159663866 "-34.615361,-58.449826" "-34.6198856651431,-58.467107954773"
846 3741 "OK" 1528073091.86068 NA NA 10.1866666666667 12.203137254902 11.8571241830065 12.7842857142857 10.7917647058824 13.8613636363636 11.0525974025974 13.2328571428571 12.0444444444444 11.5117647058824 12.8988461538462 13.0742647058824 "-34.615361,-58.449826" "-34.6306076429389,-58.4316890674196"
592 2614 "OK" 1528073288.36815 NA NA 9.61590909090909 12.4619152046784 12.1476470588235 12.4366666666667 10.7970588235294 12.7230769230769 11.6909090909091 12.7527472527473 12.0277777777778 12.4277777777778 13.0035353535354 12.7639705882353 "-34.615361,-58.449826" "-34.6299627017386,-58.4500479956713"
447 3050 "OK" 1528073482.64757 NA NA 11.3047619047619 12.5783088235294 12.1536274509804 12 11.2538888888889 13.5553846153846 11.8959595959596 13.078315018315 11.9232026143791 12.5323937908497 13.6233333333333 13.0327731092437 "-34.615361,-58.449826" "-34.623169174415,-58.4700500354133"
431 2071 "OK" 1528073571.87277 NA NA 7.22333333333333 8.72291666666667 8.28264705882353 8.25357142857143 7.44953560371517 8.91538461538462 7.79818181818182 8.53626373626374 7.82291021671827 8.62430555555556 9.1025 8.83705882352941 "-34.615361,-58.449826" "-34.6006864214386,-58.4506558483285"
355 1977 "OK" 1528074059.12874 NA NA 10.3366666666667 12.701568627451 11.7658823529412 13.5311111111111 10.7427416580667 13.7650815850816 11.3295454545455 12.9690476190476 12.015393876849 12.766339869281 13.11 12.9375 "-34.615361,-58.449826" "-34.6129492013315,-58.4358307230046"
603 3882 "OK" 1528074126.784 NA NA 11.2533333333333 12.36875 12.2940441176471 12.1714285714286 11.231742081448 13.3570512820513 11.8868686868687 13.0167765567766 12.052614379085 12.5316993464052 13.54 13.0327731092437 "-34.615361,-58.449826" "-34.629124879793,-58.4703314697664"
551 3520 "OK" 1528074330.86023 NA NA 10.8708333333333 12.5253676470588 12.1190441176471 11.9339285714286 11.2240497737557 13.1608391608392 11.8042929292929 13.1052380952381 12.0107026143791 12.6011437908497 13.5323076923077 13.0327731092437 "-34.615361,-58.449826" "-34.6243466545131,-58.4702121490424"
