1469 19643 "OK" 1528070791.81637 NA NA NA NA NA NA NA NA NA NA NA NA NA NA "44.013267,125.226911" "43.9175794933291,125.173873891179"
1858 15955 "OK" 1528071137.92386 NA NA NA NA NA NA NA NA NA NA NA NA NA NA "44.013267,125.226911" "44.0930839626928,125.313848314867"
1087 18518 "OK" 1528071653.37923 NA NA NA NA NA NA NA NA NA NA NA NA NA NA "44.013267,125.226911" "43.9516151799925,125.147346013863"
1168 14609 "OK" 1528071847.11575 NA NA NA NA NA NA NA NA NA NA NA NA NA NA "44.013267,125.226911" "43.955675912177,125.341438662015"
477 5784 "OK" 1528072036.49152 NA NA NA NA NA NA NA NA NA NA NA NA NA NA "44.013267,125.226911" "44.0409087415963,125.200173163442"
858 7626 "OK" 1528072695.87501 NA NA NA NA NA NA NA NA NA NA NA NA NA NA "44.013267,125.226911" "44.0460210191438,125.25190371539"
1203 16984 "OK" 1528072879.40944 NA NA NA NA NA NA NA NA NA NA NA NA NA NA "44.013267,125.226911" "43.906566130171,125.222497188237"
857 7768 "OK" 1528072954.16147 NA NA NA NA NA NA NA NA NA NA NA NA NA NA "44.013267,125.226911" "44.0297216781148,125.175793267071"
1239 18085 "OK" 1528072962.27912 NA NA NA NA NA NA NA NA NA NA NA NA NA NA "44.013267,125.226911" "43.9355792664661,125.147479396072"
2481 19661 "OK" 1528073144.18889 NA NA NA NA NA NA NA NA NA NA NA NA NA NA "44.013267,125.226911" "44.0828414793714,125.3398100933"
1295 13823 "OK" 1528073160.36287 NA NA NA NA NA NA NA NA NA NA NA NA NA NA "44.013267,125.226911" "44.0501944026643,125.137524368157"
503 5374 "OK" 1528073357.82341 NA NA NA NA NA NA NA NA NA NA NA NA NA NA "44.013267,125.226911" "43.991521034696,125.180445120144"
403 2583 "OK" 1528073553.04467 NA NA NA NA NA NA NA NA NA NA NA NA NA NA "44.013267,125.226911" "44.0117950603598,125.190653851673"
1562 18203 "OK" 1528073631.11137 NA NA NA NA NA NA NA NA NA NA NA NA NA NA "44.013267,125.226911" "44.014046138454,125.33610260909"
742 8044 "OK" 1528074130.91699 NA NA NA NA NA NA NA NA NA NA NA NA NA NA "44.013267,125.226911" "43.9687977118999,125.212353109364"
1128 12370 "OK" 1528074192.44737 NA NA NA NA NA NA NA NA NA NA NA NA NA NA "44.013267,125.226911" "43.934517662364,125.312315205694"
