779 6819 "OK" 1528070649.9015 NA NA 10.2083333333333 11.7892551892552 12.0545751633987 NA 11.62375 11.9399711399711 11.3861363636364 13.1811188811189 11.1250686813187 12.2936602870813 12.215 12.4571428571429 "41.855386,-87.702485" "41.8369551523264,-87.7745168465298"
1098 15685 "OK" 1528070843.9044 NA NA 10.8 12.1209760827408 12.4038011695906 12.9 11.3980112044818 13.1927272727273 10.3288461538462 13.1202380952381 11.5504395604396 12.6243055555556 11.7566666666667 12.7238095238095 "41.855386,-87.702485" "41.8079743843702,-87.7706764989487"
170 745 "OK" 1528071002.68349 NA NA 7.15476190476191 7.91428571428571 8.27777777777778 6.66666666666667 8.2 8.85454545454545 6.85 8.62857142857143 6.95 8.29395604395604 8.25 8.46666666666667 "41.855386,-87.702485" "41.8490353861101,-87.7024630824238"
1000 14277 "OK" 1528071189.31636 NA NA 10.9533333333333 11.9749321266968 11.7304678362573 12.9 11.0080357142857 13.2424675324675 10.4351515151515 13.3833333333333 12.2358333333333 12.2429292929293 11.2641025641026 12.7857142857143 "41.855386,-87.702485" "41.824431368402,-87.6036498511291"
517 3266 "OK" 1528071318.01722 NA NA 11.6247619047619 12.0046953046953 12.5567251461988 9.58 11.6555147058824 13.2515584415584 9.94681818181818 12.9506493506493 11.2714285714286 12.5058441558442 12.3839743589744 12.3904761904762 "41.855386,-87.702485" "41.8778677215875,-87.709325444797"
855 4817 "OK" 1528071427.31555 NA NA 11.2339285714286 12.5889499389499 12.7888888888889 10.1285714285714 11.3554166666667 13.795 10.624358974359 13.13 11.6098739495798 13.0708333333333 12.1383333333333 13.0809523809524 "41.855386,-87.702485" "41.8452409365155,-87.6588923809798"
1329 8528 "OK" 1528071704.63405 NA NA 10.3125 12.3382554945055 12.3097222222222 12.0809523809524 11.4572549019608 13.0009090909091 10.6543363499246 13.1649350649351 11.1167857142857 12.4983251633987 11.6733333333333 12.7166666666667 "41.855386,-87.702485" "41.7883883407169,-87.6995436402499"
1572 12060 "OK" 1528071897.231 NA NA 11.1416666666667 12.3950226244344 12.2458204334365 11.4333333333333 10.4933823529412 13.825 11.0755555555556 13.0980769230769 11.1420202020202 12.1989950980392 12.304358974359 12.2166666666667 "41.855386,-87.702485" "41.9009040952685,-87.6112562391259"
996 8049 "OK" 1528072088.36353 NA NA 11.7366666666667 12.0308857808858 12.4230994152047 10.53 11.1555147058824 13.1242857142857 9.96181818181818 13.0613636363636 12.0026785714286 12.2022727272727 12.9989743589744 11.9571428571429 "41.855386,-87.702485" "41.8896219901683,-87.728401237967"
1064 13709 "OK" 1528072341.41615 NA NA 10.895 11.9899321266968 11.8704678362573 13.28 11.1315651260504 13.0281818181818 10.0651515151515 13.4070512820513 12.3982142857143 12.0637626262626 11.8710955710956 12.4559523809524 "41.855386,-87.702485" "41.8515805151307,-87.5729872347226"
1256 9600 "OK" 1528072504.09728 NA NA 11.1416666666667 12.3950226244344 12.2458204334365 12.4333333333333 10.4933823529412 13.825 11.0755555555556 13.0980769230769 11.1420202020202 12.1989950980392 12.304358974359 12.2166666666667 "41.855386,-87.702485" "41.8802100123983,-87.6031865137821"
913 7584 "OK" 1528072551.95884 NA NA 11.0833333333333 12.1181897050318 12.3722222222222 11.0809523809524 11.1587254901961 13.1109090909091 10.3955128205128 13.1285714285714 11.5230357142857 12.3550503095975 11.9670833333333 12.7121212121212 "41.855386,-87.702485" "41.8075681224833,-87.7255375990836"
1157 14215 "OK" 1528072566.75887 NA NA 11.3366666666667 12.1482654600302 12.0426900584795 11.28 10.9767857142857 12.9974125874126 10.5151515151515 13.3975490196078 12.3855769230769 12.5691197691198 11.915641025641 12.0597402597403 "41.855386,-87.702485" "41.8650910935473,-87.5693541804479"
1022 7705 "OK" 1528072738.46237 NA NA 11.4452380952381 12.4538461538462 12.5798073615411 9.83333333333333 10.9926470588235 14.2083333333333 10.8684848484848 13.0711538461538 11.1163059163059 12.2445833333333 12.9195104895105 12.5 "41.855386,-87.702485" "41.8868864319935,-87.646835080594"
866 5520 "OK" 1528072746.93899 NA NA 11.7366666666667 12.1244755244755 12.4652046783626 10.205 11.2555147058824 13.0814285714286 9.76626262626263 13.0090909090909 11.9877747252747 12.2487012987013 12.8589743589744 12.2446428571429 "41.855386,-87.702485" "41.8845806983052,-87.7308142253075"
1064 13707 "OK" 1528072809.24425 NA NA 10.895 11.9899321266968 11.8704678362573 13.28 11.1315651260504 13.0281818181818 10.0651515151515 13.4070512820513 12.3982142857143 12.0637626262626 11.8710955710956 12.4559523809524 "41.855386,-87.702485" "41.8531158771912,-87.5833099476053"
1041 13163 "OK" 1528072821.20822 NA NA 10.82 11.9949321266968 11.8438011695906 13.28 11.1767857142857 13.1281818181818 10.4351515151515 13.3916666666667 12.2125 11.9850861556744 11.3423076923077 12.7758241758242 "41.855386,-87.702485" "41.8472028411876,-87.5921747009806"
999 12664 "OK" 1528072933.7903 NA NA 10.82 11.9949321266968 11.8438011695906 13.28 11.1767857142857 13.1281818181818 10.4351515151515 13.3916666666667 12.2125 11.9850861556744 11.3423076923077 12.7758241758242 "41.855386,-87.702485" "41.8434951612062,-87.5963505065213"
620 3903 "OK" 1528073005.10428 NA NA 9.92857142857143 12.3928571428571 12.4777777777778 11 11.4275 13.7661616161616 10.1568181818182 13.0802197802198 11.1449675324675 12.3153846153846 12.3957070707071 12.7166666666667 "41.855386,-87.702485" "41.8822745149941,-87.6863665709546"
1053 12995 "OK" 1528073015.90544 NA NA 11.23 12.4986842105263 12.7235294117647 10.3333333333333 10.1830065359477 13.3419444444444 10.7159090909091 13.4033333333333 12.0369230769231 12.4359049773756 12.6182051282051 12.4937662337662 "41.855386,-87.702485" "41.8651306384544,-87.8144069321735"
1393 17084 "OK" 1528073195.44557 NA NA 11.1416666666667 12.3950226244344 12.2458204334365 11.4333333333333 10.4933823529412 13.825 11.0755555555556 13.0980769230769 11.1420202020202 12.1989950980392 12.304358974359 12.2166666666667 "41.855386,-87.702485" "41.8911315563765,-87.6053295045748"
587 3950 "OK" 1528073211.82421 NA NA 9.92857142857143 12.3928571428571 12.4777777777778 9.33333333333333 11.5141666666667 13.7661616161616 10.1568181818182 13.0802197802198 11.1449675324675 12.3153846153846 12.3957070707071 12.7166666666667 "41.855386,-87.702485" "41.8599646512968,-87.6684608772814"
910 7464 "OK" 1528073408.9499 NA NA 11.0833333333333 12.1181897050318 12.3722222222222 11 11.1587254901961 13.1109090909091 10.3955128205128 13.1285714285714 11.5230357142857 12.3550503095975 11.9670833333333 12.7121212121212 "41.855386,-87.702485" "41.8094661827389,-87.7210168022693"
1164 7807 "OK" 1528073487.22187 NA NA 10.9938095238095 11.8480590616814 12.1773202614379 11.71 11.3353084415584 12.51 10.1515984015984 13.2194444444444 11.6996929824561 11.9833971291866 12.0897435897436 12.7598701298701 "41.855386,-87.702485" "41.7959187425214,-87.7194696223888"
914 11928 "OK" 1528073492.05268 NA NA 11.7085714285714 12.225 12.5931200550396 9.63333333333333 10.8485620915033 13.3652777777778 9.94772727272727 12.9730769230769 11.4578754578755 12.5342383107089 12.5333566433566 12.5361904761905 "41.855386,-87.702485" "41.8693775013079,-87.8011958098091"
1291 16277 "OK" 1528073496.97518 NA NA 11.1416666666667 12.3950226244344 12.2458204334365 12.4333333333333 10.4933823529412 13.825 11.0755555555556 13.0980769230769 11.258253968254 12.1989950980392 12.304358974359 12.2166666666667 "41.855386,-87.702485" "41.8855017052444,-87.6092016178838"
338 2013 "OK" 1528073498.60341 NA NA 10.6664285714286 11.8137862137862 12.4277777777778 8.51666666666667 11.84375 13.2172727272727 10.1168181818182 12.972619047619 10.9538461538462 12.1058441558442 12.3423076923077 12.5571428571429 "41.855386,-87.702485" "41.8630912636722,-87.7167735362817"
1055 8545 "OK" 1528073603.81278 NA NA 11.2875 12.1345054945055 12.3075163398693 11.1633333333333 11.3253921568627 12.6809090909091 10.3812271062271 13.0730158730159 11.6454621848739 12.2149918300654 11.9983333333333 12.8121212121212 "41.855386,-87.702485" "41.8073268238956,-87.7323366352043"
1010 6864 "OK" 1528073681.89548 NA NA 12.6133333333333 12.4308823529412 12.5603715170279 NA 10.5361811391223 12.9867063492064 10.4492424242424 13.2714285714286 12.220060331825 12.4061681352703 12.4098717948718 12.6278571428571 "41.855386,-87.702485" "41.8556579656929,-87.773293387973"
954 6077 "OK" 1528073857.6281 NA NA 11.1585714285714 12.3625 12.627485380117 NA 10.6731944444444 13.4775 10.0727272727273 12.9730769230769 11.4642857142857 12.3946778711485 12.3990909090909 12.7558333333333 "41.855386,-87.702485" "41.9050584971681,-87.6979306513748"
