4683 49459 "OK" 1528070757.25172 NA NA NA 13.4406862745098 13.5979166666667 13.1269841269841 11.063137254902 14.247619047619 11.8880952380952 NA 12.4562908496732 12.5093406593407 12.6232142857143 13.7 "20.677294,-103.345555" "20.6742429135368,-103.632406487857"
1963 12282 "OK" 1528071101.91944 NA NA 9.95075757575757 11.9142857142857 12.6407843137255 14.5457142857143 10.8416666666667 12.4537878787879 11.9955555555556 12.6091666666667 12.1365914786967 12.6445887445887 12.0930555555556 12.3083333333333 "20.677294,-103.345555" "20.6034935176451,-103.299085356207"
4106 48629 "OK" 1528071618.34676 NA NA 10.3503663003663 12.7086538461538 13.0811688311688 14.2272727272727 10.8686538461538 13.296992481203 11.3888888888889 13.1515151515152 12.68 12.9920833333333 11.8055555555556 11.77 "20.677294,-103.345555" "20.6961053823418,-103.083093909701"
1290 7858 "OK" 1528071810.81823 NA NA 9.41785714285714 12.4467206477733 13.1826388888889 13.45 11.6877777777778 13.0654234654235 12.5892857142857 13.3881944444444 12.1166859456333 11.9125 12.0966666666667 12.9934523809524 "20.677294,-103.345555" "20.6361436733133,-103.375875409353"
5696 30258 "OK" 1528072000.40837 NA NA 9.67637362637362 12.955 13.69 14.2857142857143 11.4140476190476 13.5054945054945 11.4363095238095 12.5128787878788 12.8263410931174 12.8091666666667 13.4194444444444 12.6582887700535 "20.677294,-103.345555" "20.6743550672394,-103.538734876276"
3015 30350 "OK" 1528072659.13493 NA NA 10.7347252747253 12.7720588235294 12.8275 13.1511111111111 11.5235897435897 12.6334478021978 12.6555555555556 12.0535353535354 12.5809523809524 12.7634453781513 12.0417857142857 12.5009157509158 "20.677294,-103.345555" "20.702130441237,-103.159992895537"
6372 32207 "OK" 1528072845.91264 NA NA NA NA 13.4066666666667 NA NA 13.6269230769231 NA NA 13.2314692982456 13.2925 14.1444444444444 NA "20.677294,-103.345555" "20.6590873385301,-103.560728561135"
570 3929 "OK" 1528072916.95676 NA NA 10.9661421911422 12.325 13.5477540106952 12.93 11.5309523809524 13.3720695970696 13.0288888888889 12.4163461538462 11.9033613445378 13.460303030303 13.2805555555556 11.7196428571429 "20.677294,-103.345555" "20.6915163976854,-103.317793381128"
1855 21454 "OK" 1528072923.46716 NA NA 10.5475524475524 12.2166895604396 13.0798319327731 13.4439393939394 10.9833333333333 13.2053258145363 12.0291666666667 13.202904040404 11.8546031746032 12.530303030303 12.3349206349206 12.2420588235294 "20.677294,-103.345555" "20.6233061587052,-103.204521071512"
681 4313 "OK" 1528073106.92738 NA NA 10.9661421911422 12.325 13.5477540106952 12.93 11.5309523809524 13.3720695970696 13.0288888888889 12.4163461538462 11.9033613445378 13.460303030303 13.2805555555556 11.7196428571429 "20.677294,-103.345555" "20.6916061220852,-103.318941727821"
2315 19850 "OK" 1528073122.20326 NA NA 10.3509523809524 12.6679487179487 13.4513888888889 13.1944444444444 11.0411764705882 12.85 12.4957417582418 12.9322115384615 12.2918269230769 12.2554901960784 12.965 12.5660784313725 "20.677294,-103.345555" "20.7391865429192,-103.460115231586"
1946 20072 "OK" 1528073318.87967 NA NA 9.61333333333333 12.5001709401709 13.4372222222222 13.2214285714286 11.5 12.8346153846154 12.3582417582418 13.1392045454545 12.6543269230769 12.1319004524887 13.74 12.6460784313725 "20.677294,-103.345555" "20.7334448476208,-103.497140310716"
1457 9231 "OK" 1528073513.31132 NA NA 9.24659090909091 12.5630876068376 13.1469841269841 13.5820512820513 11.1691666666667 13.1001998001998 13.1386904761905 12.7533653846154 12.5655581260844 12.5583333333333 13.805 12.524358974359 "20.677294,-103.345555" "20.7153467897769,-103.386232816268"
3470 33074 "OK" 1528073596.47619 NA NA NA 12.9899159663866 12.9691666666667 9.41111111111111 11.9635897435897 12.4820192307692 9.93888888888889 12.4479797979798 12.5253968253968 12.6951195862961 12.5842857142857 10.8175824175824 "20.677294,-103.345555" "20.7018907318634,-103.201778521418"
3396 36959 "OK" 1528074091.13415 NA NA 10.4174358974359 12.6891905480141 13.3951388888889 13.5055555555556 11.0764705882353 12.8989010989011 12.4296703296703 12.9322115384615 12.2113122171946 12.0780542986425 12.9275 12.6460784313725 "20.677294,-103.345555" "20.7007760592813,-103.626209878519"
3629 47903 "OK" 1528074157.44583 NA NA 8.22179487179487 12.8516685520362 13.102380952381 13.9772727272727 10.9683760683761 12.8555639097744 12.5944444444444 13.3048484848485 12.5266666666667 13.1466666666667 12.4736111111111 10.92 "20.677294,-103.345555" "20.6696580476271,-103.071141144935"
