2135 13254 "OK" 1528070783.8368 NA NA NA NA NA NA NA NA NA NA NA NA NA NA "45.909934,126.475307" "45.9611766854603,126.463998123714"
2407 13585 "OK" 1528071131.61758 NA NA NA NA NA NA NA NA NA NA NA NA NA NA "45.909934,126.475307" "45.9607550977694,126.372622913602"
946 4843 "OK" 1528071643.69728 NA NA NA NA NA NA NA NA NA NA 15 NA NA 12 "45.909934,126.475307" "45.935005763118,126.48639804387"
2942 28557 "OK" 1528071839.62595 NA NA NA NA NA NA NA NA NA NA NA NA NA NA "45.909934,126.475307" "45.9049580354387,126.228744206839"
2335 12517 "OK" 1528072028.19855 NA NA NA NA NA NA NA NA NA NA NA NA NA NA "45.909934,126.475307" "45.971701703201,126.460526392009"
1373 6509 "OK" 1528072688.00316 NA NA NA NA NA NA NA NA NA NA NA NA NA 13.5 "45.909934,126.475307" "45.8904232393714,126.433528097971"
2687 26356 "OK" 1528072872.66002 NA NA NA NA NA NA NA NA NA NA NA NA NA NA "45.909934,126.475307" "45.9194193873683,126.223382755826"
2576 15424 "OK" 1528072947.39469 NA NA NA NA NA NA NA NA NA NA NA NA NA NA "45.909934,126.475307" "45.9076307643462,126.329780825208"
3122 29708 "OK" 1528072952.56125 NA NA NA NA NA NA NA NA NA NA NA NA NA NA "45.909934,126.475307" "45.9905950521522,126.564527356774"
2629 21974 "OK" 1528073136.25549 NA NA NA NA NA NA NA NA NA NA NA NA NA NA "45.909934,126.475307" "45.8450416502429,126.315942246138"
1736 10717 "OK" 1528073152.59946 NA NA NA NA NA NA NA NA NA NA NA NA NA NA "45.909934,126.475307" "45.9643871928452,126.432434288336"
2781 18116 "OK" 1528073347.93898 NA NA NA NA NA NA NA NA NA NA NA NA NA NA "45.909934,126.475307" "45.9466404463697,126.629501253875"
1593 10418 "OK" 1528073545.04753 NA NA NA NA NA NA NA NA NA NA NA NA NA NA "45.909934,126.475307" "45.9483414473758,126.476998752061"
1473 7028 "OK" 1528073622.73564 NA NA NA NA NA NA NA NA NA NA NA NA NA 13 "45.909934,126.475307" "45.9541634183605,126.497116474726"
2719 32013 "OK" 1528074120.44086 NA NA NA NA NA NA NA NA NA NA 15 NA NA 9.66666666666667 "45.909934,126.475307" "45.9323349813069,126.53676994247"
1611 11004 "OK" 1528074184.00767 NA NA NA NA NA NA NA NA NA NA NA NA NA 13 "45.909934,126.475307" "45.8724457382792,126.396828129923"
