1341 9001 "OK" 1528070741.59594 NA NA 10.1533613445378 11.5622549019608 12.374358974359 12.2221428571429 10.672619047619 12.6590675990676 12.0285714285714 13.1806818181818 12.28875 11.8309523809524 12.3611111111111 13.0703296703297 "19.423526,-99.133915" "19.4925632742322,-99.1454838594265"
1804 16257 "OK" 1528071086.23607 NA NA 10.0633333333333 12.3733333333333 12.15842760181 13.4666666666667 10.8467857142857 12.3613553113553 12.4242857142857 12.5172727272727 11.8074509803922 12.6603846153846 12.3792207792208 12.7681818181818 "19.423526,-99.133915" "19.5005212761261,-99.0763335988634"
1895 18928 "OK" 1528071603.48412 NA NA 9.58619909502263 12.1594246031746 12.3477855477855 11.4625 10.3054807692308 12.5461215255333 12.2825396825397 13.0842105263158 11.6930532212885 12.6462454212454 11.8547619047619 12.2766666666667 "19.423526,-99.133915" "19.4528275262991,-99.2440507489677"
1355 13398 "OK" 1528071796.19199 NA NA 10.5416666666667 12.1969642857143 12.2989393939394 12.8380952380952 10.0593822843823 13.04329004329 11.9142857142857 12.94375 11.6789915966387 12.7307692307692 11.3458333333333 12.6308080808081 "19.423526,-99.133915" "19.4082909856423,-99.2151494096725"
1582 13504 "OK" 1528071984.84467 NA NA 10.2904395604396 12.6333333333333 12.9657142857143 11.7466666666667 10.046336996337 13.0658974358974 13.6333333333333 13.0590034965035 12.4086576168929 12.6189171122995 11.325 12.0269230769231 "19.423526,-99.133915" "19.3318043652743,-99.1729358778644"
1186 11300 "OK" 1528072643.71745 NA NA 10.29 12.2167542016807 11.9440996503496 12.31 10.3120879120879 13.1862637362637 11.6172619047619 12.8283333333333 12.1753676470588 12.1337995337995 11.9619047619048 12.8821428571429 "19.423526,-99.133915" "19.3626344583895,-99.1900394528513"
1460 12686 "OK" 1528072830.73149 NA NA 10.3109523809524 12.3095238095238 12.2794642857143 12.0066666666667 10.2582417582418 12.9482051282051 12.9458333333333 13.1017307692308 12.1432409502262 12.8674019607843 11.0428571428571 12.4519230769231 "19.423526,-99.133915" "19.3234628834243,-99.149082004434"
1274 11867 "OK" 1528072901.01223 NA NA 10.4596703296703 12.7733333333333 12.8357142857143 11.7166666666667 10.1244071717756 13.2183974358974 13.8666666666667 13.1900641025641 12.2040962133841 12.4889705882353 11.0727272727273 11.9352564102564 "19.423526,-99.133915" "19.3305747629968,-99.1322307528168"
1671 13268 "OK" 1528072908.24797 NA NA 10.6992307692308 12.5787878787879 12.8837535014006 12.5291666666667 10.1452798663325 13.0424358974359 12.875 13.3736888111888 12.3924183006536 12.4832352941176 12.1888888888889 11.98 "19.423526,-99.133915" "19.3394226510964,-99.1796604324578"
1090 11959 "OK" 1528073092.46004 NA NA 10.48 12.2324404761905 11.9732142857143 12.56 10.2742857142857 13.1628571428571 12.0791666666667 13.1786538461538 12.1753676470588 12.3313725490196 11.4970238095238 12.5840909090909 "19.423526,-99.133915" "19.3649614739345,-99.1830363675022"
1337 7033 "OK" 1528073106.41337 NA NA 10.3972303921569 12.2280882352941 12.3498039215686 12.4471428571429 10.3647619047619 13.277677224736 12.5845238095238 12.2996103896104 12.6218452380952 12.5623931623932 13.4892857142857 12.5471153846154 "19.423526,-99.133915" "19.4336681775403,-99.1824596006828"
1057 11311 "OK" 1528073303.93362 NA NA 9.99901960784314 12.237996031746 12.0748688811189 10.86 10.2778021978022 12.9972527472527 11.5950396825397 13.0542105263158 11.9476365546218 12.7557692307692 11.6261904761905 12.735 "19.423526,-99.133915" "19.4241624905035,-99.1958545739345"
1228 15097 "OK" 1528073498.38024 NA NA 9.83666666666667 12.5638130252101 11.9099116161616 11.6516666666667 10.6168498168498 13.078021978022 11.8589285714286 13.0325 12.1283088235294 12.3617216117216 11.7428571428571 12.6107142857143 "19.423526,-99.133915" "19.3459924161221,-99.2034769201201"
1708 13342 "OK" 1528073581.80704 NA NA 9.61179487179487 12.5363858363858 12.6387612387612 11.5 10.3710955710956 12.847619047619 11.9285714285714 11.85 11.2648705096074 12.9471428571429 12.5963636363636 12.9315295815296 "19.423526,-99.133915" "19.4919768631453,-99.0746504444461"
1555 15123 "OK" 1528074075.06582 NA NA 10.31 12.277818627451 12.3781818181818 12.0472222222222 10.1412004662005 13.1257142857143 11.9755952380952 13.0124183006536 11.8549579831933 12.9288461538462 11.9447619047619 11.8875 "19.423526,-99.133915" "19.3884881894992,-99.2461569649112"
1635 12920 "OK" 1528074142.02319 NA NA 9.79179487179487 12.0748473748474 12.0296703296703 12.4 10.4113553113553 12.9690476190476 12.5267857142857 11.985 11.4753968253968 12.44 12.5314285714286 13.1853174603175 "19.423526,-99.133915" "19.4867812551926,-99.0780932423437"
1583 16323 "OK" 1528074345.02206 NA NA 9.95235294117647 12.237996031746 12.0748688811189 10.86 10.2778021978022 12.9972527472527 11.5950396825397 13.0542105263158 11.9476365546218 12.7557692307692 11.6261904761905 12.735 "19.423526,-99.133915" "19.4336536593622,-99.2278816064854"
