884 8672 "OK" 1528070768.65687 NA NA 9.205 12.13 12.6785714285714 13.1666666666667 9.91025641025641 12.9641414141414 14.1309523809524 12.5866666666667 11.7489215686275 12.9393162393162 12.1777777777778 12.7948717948718 "25.684273,-100.316841" "25.7282028183469,-100.326982594493"
1188 12797 "OK" 1528071116.90725 NA NA 10.9190476190476 12.6834967320261 13.434706959707 13.2 10.34 12.9281818181818 13.1821428571429 13.3190476190476 11.9127272727273 12.3085714285714 12.0555555555556 13.3098901098901 "25.684273,-100.316841" "25.6094485991026,-100.263161746958"
1215 10102 "OK" 1528071629.62095 NA NA 9.66136363636364 12.105 13.0538461538462 13.05 9.8 12.8064491064491 14.2277777777778 12.9216666666667 11.8900980392157 13.0634920634921 12.2 13.0904273504274 "25.684273,-100.316841" "25.7372356562304,-100.279044180536"
1404 12781 "OK" 1528071825.72468 NA NA 11.6380952380952 12.5963549522373 13.55625 13.6828571428571 9.84615384615385 13.3283333333333 13.6770562770563 13.0347985347985 13.1161255411255 13.1178571428571 13.7416666666667 13.6914285714286 "25.684273,-100.316841" "25.6393291990105,-100.391163126603"
937 8198 "OK" 1528072013.97926 NA NA 10.4132142857143 12.2692307692308 13.3801136363636 12.9428571428571 9.78076923076923 12.57 14.3190476190476 13.1595238095238 11.925 13.2027777777778 11.8345238095238 13.0516666666667 "25.684273,-100.316841" "25.6475646551822,-100.317006601229"
993 7274 "OK" 1528072673.63744 NA NA 11.0493506493507 12.5973737373737 13.172619047619 12.9533333333333 10.635873015873 12.5930303030303 12.3066666666667 13.0285714285714 12.2178787878788 11.7767857142857 12.5095238095238 12.9484615384615 "25.684273,-100.316841" "25.6966564780806,-100.254034580338"
1531 12254 "OK" 1528072858.05561 NA NA 12.4295454545455 12.4925824175824 12.5935897435897 13.4890909090909 10.745 13.6969318181818 11.5191666666667 11.9855555555556 12.7241486068111 12.7606909430439 12.4157142857143 13.0696428571429 "25.684273,-100.316841" "25.7596437024125,-100.266628910382"
1074 9556 "OK" 1528072932.21876 NA NA 11.1957142857143 12.1230555555556 13.3474358974359 12.25 10.6411538461538 12.4775757575758 12.6625 13.3347619047619 12.4558275058275 11.8084415584416 12.9016666666667 13.117032967033 "25.684273,-100.316841" "25.6499441215102,-100.257478814732"
1404 12142 "OK" 1528072937.99231 NA NA 10.872619047619 12.4315934065934 12.8305194805195 13.8755555555556 10.0550582750583 13.5132867132867 12.7441666666667 12.8272727272727 12.4502837977296 12.7944444444444 13.0211111111111 12.5344444444444 "25.684273,-100.316841" "25.7663294095713,-100.277981871517"
1021 9325 "OK" 1528073121.10604 NA NA 10.205 12.5383333333333 12.94 14.1666666666667 10.0569230769231 12.6959595959596 13.8291666666667 12.8633333333333 11.9136274509804 13.0954248366013 12.3511111111111 12.7920146520147 "25.684273,-100.316841" "25.7332020870759,-100.325653651321"
899 5517 "OK" 1528073137.46836 NA NA 10.5590476190476 12.1292307692308 13.4935064935065 13.2428571428571 9.90524475524476 12.6966666666667 14.2533333333333 13.302380952381 11.8939393939394 12.7833333333333 12.7643939393939 12.7316666666667 "25.684273,-100.316841" "25.675364181296,-100.349102202459"
970 8771 "OK" 1528073333.18713 NA NA 10.112380952381 12.1597222222222 13.517673992674 12.4785714285714 10.9244871794872 12.9139393939394 12.945 13.3764285714286 12.4045454545455 11.4023976023976 12.4861111111111 13.3634615384615 "25.684273,-100.316841" "25.634789230258,-100.271909103394"
1320 15366 "OK" 1528073528.45782 NA NA 10.6267399267399 12.1501831501831 13.4718487394958 13.4428571428571 10.3878205128205 12.6997435897436 13.014880952381 13.5601731601732 12.4820833333333 12.7647435897436 13.1066666666667 12.4109090909091 "25.684273,-100.316841" "25.6589940999951,-100.415427912328"
1588 14195 "OK" 1528073608.9475 NA NA 11.7190476190476 12.391452991453 13.4875 13.6828571428571 9.79615384615385 13.0983333333333 13.8352380952381 12.9886446886447 13.1331585081585 12.8089285714286 13.6466666666667 13.6825 "25.684273,-100.316841" "25.6441120884552,-100.398891593782"
1137 8633 "OK" 1528074105.76243 NA NA 11.3372294372294 12.6888888888889 13.334706959707 11.9571428571429 10.64 12.6643356643357 13.2883928571429 13.0547619047619 11.9441287878788 12.037012987013 12.3181818181818 13.3098901098901 "25.684273,-100.316841" "25.7279810030461,-100.265376840977"
1328 11686 "OK" 1528074168.92493 NA NA 10.4645021645022 12.134126984127 13.45 13.5022222222222 11.0357142857143 13.0132867132867 12.7977272727273 13.2857142857143 12.2121645021645 11.8642857142857 12.7833333333333 12.7839160839161 "25.684273,-100.316841" "25.6821251496176,-100.219954918624"
