443 1983 "OK" 1528070679.7413 NA NA 11.4 12.6529411764706 11.5898692810458 12.2166666666667 9.76571428571429 14.2194852941176 9.62051282051282 13.3391025641026 11.6392857142857 11.909068627451 10.5436507936508 11.04 "40.019768,-75.153064" "40.0059359388436,-75.1485795076626"
1281 7541 "OK" 1528070876.20826 NA NA 11.8030303030303 12.6756793945648 11.9464052287582 12.4666666666667 10.1080357142857 13.979100678733 10.2879370629371 13.7038461538462 13.2044871794872 12.027485380117 11.3783333333333 12.6228571428571 "40.019768,-75.153064" "39.9599490415294,-75.1507831282455"
1066 7470 "OK" 1528071029.30191 NA NA 10.4966666666667 12.5457516339869 11.9535216718266 10.21 9.89285714285714 13.9004726890756 9.23463203463204 13.4164335664336 11.7038461538462 11.8842105263158 11.5025 11.1244444444444 "40.019768,-75.153064" "40.0503426584272,-75.0948124519901"
1497 10304 "OK" 1528071547.71639 NA NA 9.61666666666667 12.1336257309942 11.947963800905 12.0066666666667 11.2934068627451 13.8888782051282 9.72222222222222 13.2554945054945 11.8713286713287 11.3951866846604 11.7484848484848 11.8817307692308 "40.019768,-75.153064" "40.0933010763366,-75.190901536507"
1188 19533 "OK" 1528071738.71116 NA NA 11.3666666666667 12.6335741314069 12.0464052287582 12.3666666666667 10.0214285714286 13.9036199095023 9.97293706293706 13.575 12.8527777777778 12.5719298245614 10.5177272727273 12.6661904761905 "40.019768,-75.153064" "39.9549464317753,-75.1053570008917"
1430 14712 "OK" 1528071926.0278 NA NA 11.8866666666667 12.6993636050912 12.0264052287582 11.5666666666667 10.5385714285714 14.3350301659125 10.2426573426573 13.599358974359 12.9997619047619 12.4151754385965 11.125 11.9971428571429 "40.019768,-75.153064" "40.0821612788009,-75.2256053784009"
446 4393 "OK" 1528072116.91536 NA NA 10.8916666666667 12.5728431372549 12.3089783281734 11.8666666666667 10.3848214285714 14.3410924369748 9.81923076923077 13.2860256410256 12.4927777777778 12.0345833333333 10.8236111111111 12.587619047619 "40.019768,-75.153064" "40.012458650163,-75.1846176319802"
1092 15493 "OK" 1528072373.54664 NA NA 12.0666666666667 12.4546267629859 11.4846405228758 12.2666666666667 9.77053571428571 13.9061840120664 11.4057942057942 13.7318181818182 12.8666666666667 12.1538011695906 11.505 12.8685714285714 "40.019768,-75.153064" "39.9498417649928,-75.2119337802395"
1112 14404 "OK" 1528072538.75347 NA NA 9.42666666666667 12.6851238390093 12.2098039215686 NA 10.15 14.2876858435682 9.89923076923077 13.5488095238095 12.771336996337 12.1387512899897 11.2125 12.3542857142857 "40.019768,-75.153064" "40.0578795215963,-75.251051452966"
1202 7256 "OK" 1528072581.96333 NA NA 9.56666666666667 12.4117647058824 11.4227941176471 11.805 10.0723214285714 13.9329761904762 9.98606060606061 13.4087412587413 11.6057142857143 11.8507352941176 11.7746753246753 11.3666666666667 "40.019768,-75.153064" "39.9861556355201,-75.110576940092"
766 10640 "OK" 1528072592.99905 NA NA 10.0666666666667 12.6779820261438 12.259563123495 NA 10.157619047619 14.2395173453997 10.3296037296037 13.7714285714286 12.785 12.5711622807018 11.2338888888889 12.2578571428571 "40.019768,-75.153064" "39.9664209262908,-75.1981024893531"
636 8109 "OK" 1528072774.68773 NA NA 11.3433333333333 12.2761764705882 12.3575163398693 NA 10.1535714285714 13.6701400560224 10.0358974358974 13.6598484848485 12.4402380952381 12.0664215686275 11.125 12.1542857142857 "40.019768,-75.153064" "40.0162710678821,-75.2199425095882"
1088 12291 "OK" 1528072778.78395 NA NA 11.6583333333333 12.0695975232198 12.2749766573296 NA 10.3323214285714 13.9668067226891 10.5025641025641 13.7143939393939 12.259126984127 11.8074303405573 10.7458333333333 11.8971428571429 "40.019768,-75.153064" "39.9839280883711,-75.2702835634792"
725 7656 "OK" 1528072839.92597 NA NA 11.1916666666667 12.6604747162023 12.228861369109 13.4666666666667 10.3173214285714 14.3866968325792 9.86538461538461 13.2860256410256 12.5530952380952 12.1305263157895 10.643253968254 12.4447619047619 "40.019768,-75.153064" "40.0420889025449,-75.2119088248024"
390 2753 "OK" 1528072851.60312 NA NA 10.3833333333333 12.7088235294118 11.9625 10.7166666666667 9.56428571428571 14.2172794117647 9.45990675990676 13.3929487179487 11.3955128205128 11.7910732714138 11.0122222222222 10.72 "40.019768,-75.153064" "40.0251562136842,-75.1266873783388"
914 7080 "OK" 1528072967.45758 NA NA 8.175 12.3244066047472 11.8293257653939 11.6 10.1857142857143 13.5594642857143 9.84761904761905 13.3065656565657 12.0810520361991 11.7549019607843 11.5311764705882 10.8366666666667 "40.019768,-75.153064" "40.0214691566298,-75.0827279365619"
1340 14436 "OK" 1528073035.37492 NA NA 12.67 12.7804093567251 12.0444444444444 11.4 10.88 14.3692307692308 10.8675990675991 13.87002997003 13.6642857142857 12.3068421052632 12.3874458874459 12.1738095238095 "40.019768,-75.153064" "40.0668834057264,-75.2592501239319"
1154 17871 "OK" 1528073046.34716 NA NA 11.3666666666667 12.6335741314069 12.0464052287582 12.3666666666667 10.0214285714286 13.9036199095023 9.97293706293706 13.575 12.8527777777778 12.5719298245614 10.5177272727273 12.6661904761905 "40.019768,-75.153064" "39.9520209492781,-75.1256619484439"
346 3705 "OK" 1528073225.21133 NA NA 10.3583333333333 12.6254901960784 12.2157894736842 12.1166666666667 10.1258928571429 14.2232352941176 9.65769230769231 13.3366666666667 11.9233333333333 11.810350877193 10.2125 11.7133333333333 "40.019768,-75.153064" "40.0189370598169,-75.1859274537683"
1234 12144 "OK" 1528073245.11856 NA NA 11.8809523809524 12.7201238390093 11.9487861811391 13.1333333333333 10.4673214285714 14.2066968325792 10.0487179487179 13.349358974359 12.8307422969188 12.1555263157895 11.3154761904762 11.9971428571429 "40.019768,-75.153064" "40.0693783621206,-75.2271563946473"
770 4773 "OK" 1528073437.60068 NA NA 9.93333333333333 12.4539215686275 12.0558298319328 10.9166666666667 10.5079365079365 14.0573529411765 9.29340659340659 13.3452380952381 11.4469696969697 11.3555555555556 10.2222222222222 11.95 "40.019768,-75.153064" "40.0575544915538,-75.1389529545544"
786 9995 "OK" 1528073514.82071 NA NA 9.42666666666667 12.6640712074303 12.3123774509804 NA 10.0052380952381 14.1899019607843 9.89923076923077 13.527380952381 12.7867216117216 12.2501547987616 11.0232142857143 12.3542857142857 "40.019768,-75.153064" "40.0276646291236,-75.2139638920409"
855 14065 "OK" 1528073525.11751 NA NA 11.4266666666667 12.6535448916409 12.0352941176471 NA 10.4919047619048 14.2450534759358 10.2567307692308 13.7416666666667 12.8934523809524 12.0551547987616 11.5647727272727 12.6542857142857 "40.019768,-75.153064" "40.0427059628412,-75.2780028174009"
1376 14649 "OK" 1528073526.66948 NA NA 12.67 12.7804093567251 12.0444444444444 11.3 10.88 14.3692307692308 10.8675990675991 13.87002997003 13.6642857142857 12.3068421052632 12.3874458874459 12.1738095238095 "40.019768,-75.153064" "40.0674080658365,-75.262446076017"
1129 6923 "OK" 1528073531.87398 NA NA 9.4 12.2280701754386 12.0271794871795 10.8775 10.7121568627451 13.94375 9.2 13.2984432234432 11.4410256410256 11.2331983805668 11.2848484848485 11.65 "40.019768,-75.153064" "40.0709978531418,-75.1633557835248"
1788 15757 "OK" 1528073632.9156 NA NA 10.6666666666667 12.3575163398693 12.0911239495798 11.55 10.8507936507937 14.0357843137255 9.60956043956044 13.317673992674 11.795303030303 11.7486928104575 11.3125 12.4484615384615 "40.019768,-75.153064" "40.0885380299279,-75.0732770759551"
1449 10728 "OK" 1528073891.40285 NA NA 8.84166666666667 12.4371517027864 11.8647058823529 10.9333333333333 10.1847619047619 13.5670833333333 9.91428571428571 13.3054545454545 11.9385683760684 11.8049019607843 11.2438461538462 10.87 "40.019768,-75.153064" "40.0596232834748,-75.0637978945542"
1253 11306 "OK" 1528074012.10732 NA NA 8.71666666666667 12.4024767801858 11.8603715170279 9.86666666666667 10.4067226890756 13.58 9.81428571428571 13.3176767676768 11.9281108597285 11.8632352941176 11.2828571428571 10.87 "40.019768,-75.153064" "40.0496553045556,-75.0398172759976"
780 13290 "OK" 1528074079.25882 NA NA 11.4266666666667 12.6535448916409 12.0352941176471 NA 10.4919047619048 14.2450534759358 10.2567307692308 13.7416666666667 12.8934523809524 12.0551547987616 11.5647727272727 12.6542857142857 "40.019768,-75.153064" "40.04178786747,-75.2729057905689"
685 9397 "OK" 1528074081.51951 NA NA 11.7866666666667 12.0453431372549 11.8514705882353 12.2333333333333 10.55 14.0271241830065 10.9796037296037 13.6916666666667 12.9202380952381 11.4146198830409 11.1527777777778 12.0273015873016 "40.019768,-75.153064" "39.971225761549,-75.2121590061368"
847 5408 "OK" 1528074156.04749 NA NA 10.0333333333333 12.4150326797386 12.0548774509804 10.3666666666667 10.5079365079365 13.9573529411765 9.24102564102564 13.2833333333333 11.5141025641026 11.41875 10.2329365079365 11.95 "40.019768,-75.153064" "40.0637078501734,-75.142286688665"
1116 18653 "OK" 1528074225.30199 NA NA 11.8030303030303 12.6756793945648 11.9464052287582 12.4666666666667 10.1080357142857 13.979100678733 10.2879370629371 13.7038461538462 13.2044871794872 12.037134502924 11.3783333333333 12.6228571428571 "40.019768,-75.153064" "39.9706794580383,-75.1217514903379"
