0 6 0 16 13 0 0 10 7 4 1 0 15 5 0 11
7 0 0 0 0 0 1 9 0 2 0 15 0 0 0 0
4 1 5 0 0 0 6 15 16 0 10 0 9 0 0 12
0 0 0 9 0 0 16 0 0 3 0 0 0 0 0 0
0 0 0 0 8 6 4 0 0 7 9 0 5 14 12 2
0 0 0 13 10 12 0 0 0 5 16 0 0 15 8 0
0 11 14 0 0 0 0 0 0 10 2 0 7 0 4 0
0 15 0 0 0 0 0 2 4 0 0 11 1 0 9 0
0 9 0 1 5 0 0 8 12 0 0 0 0 0 3 0
0 14 0 8 0 13 2 0 0 0 0 0 0 9 11 0
0 5 10 0 0 3 11 0 0 0 14 16 8 0 0 0
3 7 6 11 0 15 10 0 0 13 5 4 0 0 0 0
0 0 0 0 0 0 15 0 0 11 0 0 2 0 0 0
1 0 0 3 0 14 0 13 5 8 0 0 0 11 16 15
0 0 0 0 16 0 9 0 2 1 0 0 0 0 0 8
6 0 8 7 0 1 12 4 10 0 0 14 13 0 5 0
