1 0
2 0
3 0
4 0
5 0
6 0
7 0
8 0
9 0
10 0
11 0
12 0
13 0
14 0
15 0
16 1
17 1
18 0
19 0
20 0
21 0
22 0
23 0
24 0
25 0
26 0
27 0
28 0
29 0
30 0
31 0
32 1
33 0
34 0
35 0
36 0
37 0
38 0
39 0
40 1
41 2
42 3
43 2
44 1
45 5
46 3
47 6
48 5
49 9
50 6
51 6
52 3
53 4
54 2
55 4
56 4
57 5
58 7
59 9
60 4
61 5
62 8
63 8
64 12
65 11
66 6
67 7
68 14
69 13
70 19
71 17
72 16
73 17
74 22
75 14
76 14
77 14
78 13
79 18
80 16
81 11
82 14
83 13
84 11
85 7
86 1
87 1
88 7
89 7
90 5
91 6
92 8
93 9
94 13
95 14
96 13
97 11
98 13
99 14
100 17
