1 0
2 0
3 0
4 0
5 0
6 0
7 0
8 0
9 0
10 0
11 0
12 0
13 0
14 0
15 0
16 0
17 1
18 3
19 3
20 2
21 4
22 4
23 4
24 1
25 1
26 1
27 2
28 2
29 1
30 0
31 1
32 1
33 0
34 0
35 1
36 1
37 0
38 0
39 1
40 1
41 2
42 3
43 4
44 3
45 2
46 6
47 10
48 9
49 7
50 10
51 8
52 11
53 9
54 5
55 10
56 6
57 9
58 14
59 7
60 7
61 9
62 5
63 5
64 8
65 11
66 10
67 10
68 9
69 8
70 9
71 9
72 13
73 15
74 14
75 11
76 10
77 10
78 12
79 13
80 12
81 13
82 13
83 17
84 11
85 8
86 8
87 7
88 9
89 6
90 7
91 9
92 7
93 7
94 7
95 5
96 6
97 9
98 7
99 15
100 12
