1 0
2 0
3 0
4 0
5 0
6 0
7 0
8 0
9 0
10 0
11 0
12 0
13 0
14 1
15 0
16 0
17 0
18 0
19 0
20 0
21 0
22 0
23 0
24 0
25 0
26 0
27 0
28 0
29 0
30 0
31 0
32 0
33 0
34 0
35 0
36 0
37 0
38 0
39 1
40 1
41 0
42 0
43 0
44 1
45 3
46 3
47 6
48 7
49 2
50 3
51 4
52 2
53 3
54 6
55 5
56 8
57 9
58 10
59 8
60 15
61 10
62 13
63 8
64 7
65 8
66 8
67 5
68 4
69 6
70 6
71 5
72 6
73 4
74 6
75 7
76 5
77 10
78 9
79 7
80 12
81 11
82 14
83 9
84 8
85 9
86 8
87 6
88 4
89 6
90 6
91 6
92 9
93 7
94 8
95 1
96 3
97 4
98 6
99 8
100 3
