1 0
2 0
3 0
4 0
5 0
6 1
7 0
8 0
9 0
10 0
11 0
12 0
13 0
14 0
15 0
16 0
17 1
18 1
19 0
20 0
21 0
22 1
23 1
24 1
25 0
26 1
27 2
28 3
29 5
30 6
31 8
32 14
33 11
34 14
35 7
36 12
37 9
38 16
39 15
40 16
41 19
42 14
43 19
44 19
45 14
46 14
47 12
48 22
49 29
50 18
51 18
52 19
53 26
54 24
55 21
56 19
57 25
58 24
59 26
60 18
61 14
62 12
63 14
64 14
65 12
66 14
67 9
68 12
69 19
70 12
71 13
72 13
73 15
74 16
75 19
76 11
77 11
78 17
79 18
80 20
81 18
82 10
83 12
84 7
85 8
86 11
87 12
88 8
89 8
90 8
91 10
92 12
93 12
94 14
95 17
96 22
97 23
98 21
99 22
100 19
