9 0 14 10 0 0 0 6 0 3 11 0 0 0 2 0
1 11 0 0 16 2 4 0 0 7 0 0 0 0 5 10
0 3 7 0 0 1 5 15 0 4 0 0 8 0 0 11
0 2 0 4 0 3 0 7 10 0 0 5 12 13 15 6
7 0 0 0 0 9 1 0 0 0 0 10 0 0 0 2
11 0 0 2 5 0 0 12 0 0 0 0 16 0 0 0
10 0 0 0 0 0 16 0 1 8 0 0 0 0 0 9
0 14 9 15 8 4 0 0 0 13 6 0 0 0 0 0
0 0 0 0 0 10 11 0 0 0 12 7 2 8 6 0
12 0 0 0 0 0 13 2 0 16 0 0 0 0 0 14
0 0 0 6 0 0 0 0 15 0 0 3 7 0 0 12
5 0 0 0 6 0 0 0 0 10 2 0 0 0 0 16
16 1 6 9 4 0 0 3 5 0 7 0 14 0 11 0
13 0 0 11 0 0 2 0 3 15 1 0 0 9 4 0
2 7 0 0 0 0 15 0 0 6 10 4 0 0 3 5
0 4 0 0 0 5 8 0 9 0 0 0 6 2 0 13
