0.100000 2.110517 2.127520
0.200000 2.244281 2.278249
0.300000 2.404958 2.455849
0.400000 2.596730 2.664496
0.500000 2.824361 2.908946
0.600000 3.093271 3.194615
0.700000 3.409627 3.527658
0.800000 3.780433 3.915073
0.900000 4.213643 4.364803
1.000000 4.718282 4.885861
1.100000 5.304583 5.488468
1.200000 5.984140 6.184204
1.300000 6.770086 6.986184
1.400000 7.677280 7.909251
1.500000 8.722534 8.970194
1.600000 9.924852 10.187996
1.700000 11.305711 11.584108
1.800000 12.889365 13.182756
1.900000 14.703199 15.011290
2.000000 16.778112 17.100574
2.100000 19.148957 19.485421
2.200000 21.855030 22.205080
2.300000 24.940620 25.303790
2.400000 28.455623 28.831390
2.500000 32.456235 32.844010
2.600000 37.005719 37.404841
2.700000 42.175276 42.585005
2.800000 48.045011 48.464516
2.900000 54.705022 55.133371
3.000000 62.256611 62.692758
3.100000 70.813649 71.256422
3.200000 80.504097 80.952182
3.300000 91.471708 91.923633
3.400000 103.877940 104.332054
3.500000 117.904082 118.358537
3.600000 133.753644 134.206369
3.700000 151.655026 152.103703
3.800000 171.864501 172.306532
3.900000 194.669552 195.102031
4.000000 220.392600 220.812274
4.100000 249.395179 249.798406
4.200000 282.082590 282.465296
4.300000 318.909113 319.266738
4.400000 360.383822 360.711267
4.500000 407.077091 407.368652
4.600000 459.627852 459.877150
4.700000 518.751711 518.951613
4.800000 585.250004 585.392537
4.900000 660.019920 660.096169
