1 19192 16397.1 16397.1
2 9241.52 10505.9 5412.32
3 1555.23 3579.53 3579.53
4 233.755 580.339 580.339
5 86.0982 246.243 207.133
6 72.6267 186.454 155.862
7 62.286 179.617 191.285
8 38.6394 117.979 145.121
9 36.0571 198.008 373.461
10 35.3718 263.08 309.652
11 15.3706 94.8066 78.1413
12 12.2374 68.628 49.479
13 9.81163 20.9907 20.8275
14 9.53262 21.2446 24.7627
15 8.42998 30.3678 54.3668
16 8.12075 7.71838 7.71838
17 8.08347 6.36394 6.2067
18 8.02128 11.3906 21.5046
19 7.89502 5.45281 6.01431
20 7.88222 1.53552 1.16907
21 7.88125 1.21754 1.03416
22 7.87949 1.30878 1.70363
23 7.87833 2.57485 6.34028
24 7.87744 2.2558 2.2558
25 7.87484 1.15282 0.637716
26 7.87452 1.18273 0.853205
27 7.87401 0.67297 0.571627
28 7.8737 0.2217 0.21341
29 7.87368 0.391597 0.605013
30 7.87367 0.527866 0.628417
31 7.87351 0.358919 0.352518
32 7.87346 0.220053 0.203456
33 7.87343 0.0847809 0.0879218
34 7.87342 0.0880581 0.0899106
35 7.87341 0.140624 0.220334
36 7.87339 0.0844041 0.115943
37 7.87339 0.0637769 0.0871955
38 7.87337 0.104705 0.256579
39 7.87334 0.374625 3.2813
40 7.87327 0.687898 6.21502
41 7.87291 0.748291 7.35312
42 7.87262 0.613364 1.96566
43 7.87231 0.353332 0.715501
44 7.87166 1.01462 5.95479
45 7.87095 1.11774 7.23326
46 7.8707 0.296614 0.494176
47 7.87031 0.972255 5.32196
48 7.86942 2.03485 23.2936
49 7.86868 1.32918 1.32918
50 7.8678 0.422799 0.443138
51 7.86764 1.08921 2.82809
52 7.86755 1.36173 1.62183
53 7.86608 0.565764 0.539997
54 7.86599 0.538854 0.44784
55 7.86581 0.355091 0.367348
56 7.86571 0.205706 0.231467
57 7.86569 0.201072 0.206803
58 7.86564 0.406524 0.877879
59 7.86555 0.149403 0.151003
60 7.86551 0.468834 1.48687
61 7.8654 0.727692 1.51309
62 7.8652 0.652511 1.17555
63 7.86504 0.316029 0.316029
64 7.86501 0.31495 0.233065
65 7.86499 0.287473 0.286051
66 7.86494 0.231171 0.214402
67 7.86492 0.185874 0.199301
68 7.86487 0.201259 0.290536
69 7.86484 0.193967 0.330721
70 7.86477 0.19853 0.389121
71 7.86471 0.293193 0.893314
72 7.86467 0.462649 2.20131
73 7.86463 0.628325 1.27982
74 7.86449 0.548775 0.953513
75 7.86438 0.426742 0.48347
76 7.86431 0.647081 0.998737
77 7.86427 0.689125 0.705188
78 7.86392 0.401939 0.376688
79 7.86386 0.371533 0.379723
80 7.86374 0.556158 0.878754
81 7.86339 0.201726 0.213906
82 7.86337 0.0803234 0.0872319
83 7.86324 0.790407 8.41859
84 7.86323 0.755815 0.755815
85 7.86274 0.305915 0.293044
86 7.86244 1.03165 3.34122
87 7.86223 0.829321 0.906298
88 7.86183 0.402523 0.31905
89 7.86182 0.404847 0.285409
90 7.86169 0.297047 0.309448
91 7.86162 0.260959 0.324243
92 7.86156 0.193788 0.254904
93 7.8615 0.47219 1.5024
94 7.86145 0.482546 0.528617
95 7.86131 0.332918 0.310076
96 7.86129 0.290831 0.246799
97 7.86126 0.418248 0.533987
98 7.86111 0.730539 1.67595
99 7.86086 0.592565 1.20694
100 7.86052 0.531847 1.0139
101 7.86023 1.03255 3.85518
102 7.85968 0.862797 2.61434
103 7.85879 0.819479 2.41268
104 7.85856 1.51872 8.28411
105 7.85724 1.84671 9.37231
106 7.85474 1.83726 9.4117
107 7.85228 1.00972 2.97286
108 7.85155 1.74246 8.85411
109 7.8511 1.74549 5.96756
110 7.85031 3.3276 21.6078
111 7.8492 3.18487 3.86237
112 7.84436 1.27173 1.40041
113 7.8432 0.397357 0.308778
114 7.84301 0.29622 0.304644
115 7.84295 0.302322 0.424079
116 7.8428 0.608028 1.71244
117 7.84216 0.985152 3.06823
118 7.84118 0.451309 0.799509
119 7.84104 0.494508 1.00116
120 7.84003 2.15658 18.8417
121 7.83329 2.51187 10.0626
122 7.83065 3.39824 18.2416
123 7.8305 2.90364 3.26068
124 7.82235 1.73183 2.05702
125 7.82081 0.708505 0.791585
126 7.8128 0.822616 1.34776
127 7.81227 0.71042 1.14505
128 7.81217 0.573344 0.706938
129 7.81166 1.6249 5.80837
130 7.80994 0.879287 1.86854
131 7.80929 0.755342 1.56431
132 7.80753 2.02492 11.3542
133 7.79185 3.00157 25.158
134 7.74795 6.64854 100.632
135 7.74749 5.90404 5.90404
136 7.71284 6.51308 9.69692
137 7.68465 4.35999 5.04343
138 7.6717 4.53549 6.79612
139 7.62019 11.1461 41.4034
140 7.59061 5.7449 5.7449
141 7.5811 8.68963 11.8884
142 7.5758 9.28113 9.25395
143 7.55772 5.41773 2.64928
144 7.54618 1.84936 1.78466
145 7.54471 2.5927 3.48744
146 7.53909 4.03052 6.0995
147 7.5333 6.27474 14.88
148 7.37346 24.0694 172.494
149 6.9638 4.61225 7.78516
150 6.94186 11.8102 51.1681
151 6.85388 18.3518 48.9771
152 6.75253 10.9581 17.9924
153 6.69428 6.50748 8.6862
154 6.67139 8.63062 15.9617
155 6.34314 23.941 125.168
156 5.90445 20.5517 93.166
157 5.7342 11.8468 11.8468
158 5.61727 8.98443 10.22
159 5.5841 4.46826 4.71599
160 5.55428 14.4946 48.3633
161 5.54724 14.416 14.4884
162 5.37838 9.66885 10.3083
163 5.34816 3.09992 2.70998
164 5.33127 4.51807 6.14526
165 5.05277 29.1018 255.27
166 4.72529 21.201 21.201
167 4.51158 14.1401 9.46189
168 4.16545 13.2729 14.8312
169 4.12445 18.7674 25.8431
170 3.99397 18.975 18.9855
171 3.90379 14.7126 4.00325
172 3.80832 8.90858 7.92324
173 3.77134 4.82614 3.10864
174 3.75911 4.32508 3.60347
175 3.74534 4.38834 4.62076
176 3.72389 4.08014 5.31436
177 3.70618 5.02872 8.61525
178 3.6396 6.51454 15.8033
179 3.57144 6.45211 16.4877
180 3.49247 5.82027 14.7872
181 3.45776 9.78176 41.6555
182 3.01304 20.6063 117.738
183 2.82648 17.0939 35.4072
184 2.46043 13.3192 23.6114
185 2.39765 6.75381 8.34474
186 2.37517 8.48628 11.2014
187 2.31913 10.7151 11.5481
188 2.14687 12.3536 17.9903
189 2.1069 4.23713 3.68192
190 2.08053 7.55042 11.2833
191 2.07552 9.51518 16.401
192 1.89092 35.3255 226.789
193 1.64979 27.2751 27.2751
194 1.44888 16.143 11.1537
195 1.41492 20.703 18.2967
196 1.32357 6.17309 6.17309
197 1.31493 14.3605 30.9516
198 1.31347 14.4723 14.4751
199 1.26406 8.11847 4.20741
200 1.23776 3.24167 3.09006
201 1.2324 4.35772 5.87666
202 0.951267 3.22107 5.05175
203 0.934968 7.55626 27.9529
204 0.932451 11.019 26.8785
205 0.895116 7.93924 14.2738
206 0.771506 5.02544 6.2338
207 0.760743 3.02164 3.31668
208 0.739129 5.14812 10.3834
209 0.721301 5.30175 11.9992
210 0.623513 5.85356 15.6711
211 0.604589 7.152 23.6211
212 0.529905 7.79802 27.6583
213 0.494515 13.0709 77.5424
214 0.48051 11.3304 13.512
215 0.430995 11.8694 14.1775
216 0.407451 9.44098 9.21027
217 0.349113 8.49475 9.86268
218 0.322426 6.03552 5.52446
219 0.278304 8.95178 13.5959
220 0.262188 8.9299 13.3896
221 0.224982 4.49107 4.49107
222 0.21669 1.2696 1.10763
223 0.21615 2.30789 3.40911
224 0.213021 3.33597 4.4643
225 0.205662 2.88641 3.78587
226 0.202401 2.03924 2.30917
227 0.196972 1.76951 2.42593
228 0.195283 1.97363 3.13849
229 0.189518 3.42496 9.78151
230 0.174886 5.28159 23.717
231 0.159117 7.6381 49.5065
232 0.0785406 6.56774 7.26059
233 0.0567818 0.817569 0.839632
234 0.0556061 1.22131 2.15532
235 0.0497721 1.18352 1.32349
236 0.0493654 0.873309 0.687785
237 0.047193 2.0992 4.39245
238 0.0445801 3.12106 9.61467
239 0.0393759 2.77552 7.82578
240 0.0375583 1.74144 3.06981
241 0.0350649 1.76873 3.56837
242 0.031273 2.52513 7.44007
243 0.0137287 2.41771 7.21874
244 0.0101637 1.34666 2.35595
245 0.00906898 0.486175 0.563019
246 0.00892386 0.382642 0.409475
247 0.00853441 0.562967 1.05715
248 0.00815819 0.752205 1.91288
249 0.00777878 1.12497 4.30287
250 0.00750048 0.51272 0.935565
251 0.00734789 0.421282 0.599414
252 0.00680013 0.99415 3.43298
253 0.00462222 0.905498 2.41408
254 0.00431579 0.284558 0.284558
255 0.00425035 0.87975 2.6351
256 0.00421466 1.05828 1.24027
257 0.00371308 0.738647 0.569936
258 0.0033055 0.286638 0.27616
259 0.00326041 0.181773 0.147548
260 0.00324821 0.374416 0.615054
261 0.00319148 0.647061 1.85995
262 0.00308079 0.274413 0.370483
263 0.00300716 0.626535 1.94795
264 0.00100694 0.333993 0.65644
265 0.000954619 0.267468 0.407602
266 0.000835375 0.229486 0.37823
267 0.000790653 0.133853 0.172277
268 0.000781863 0.343363 1.1083
269 0.000752095 0.546283 1.18676
270 0.000669276 0.408993 0.621994
271 0.000584237 0.122661 0.126326
272 0.000573247 0.217692 0.391615
273 0.000520005 0.462141 1.06934
274 0.000440528 0.272685 0.365881
275 0.000410744 0.0579724 0.0579724
276 0.000357149 0.115605 0.257892
277 0.000351332 0.0797643 0.118828
278 0.000348902 0.0497371 0.0589309
279 0.00034683 0.0736813 0.135812
280 0.000257729 0.394083 3.89993
281 6.69297e-05 0.31288 2.46778
282 5.56877e-06 0.0674828 0.129904
283 4.09034e-06 0.0496785 0.0677722
284 2.2646e-06 0.0210621 0.0234461
285 1.93203e-06 0.0143045 0.0156849
286 1.3577e-06 0.0219612 0.0419007
287 9.74582e-07 0.0234017 0.0476183
288 7.60536e-07 0.00497969 0.00497969
289 7.44659e-07 0.00428528 0.00439494
290 6.51318e-07 0.00583532 0.010006
291 6.34833e-07 0.00397278 0.00464047
292 6.25374e-07 0.00251969 0.002715
293 6.20259e-07 0.00145889 0.00174272
294 6.11344e-07 0.00962765 0.07559
295 6.09254e-07 0.0144037 0.0579427
296 4.70996e-07 0.00689158 0.0141314
297 4.36607e-07 0.00243341 0.00298729
298 4.34305e-07 0.00758361 0.0282259
299 4.33908e-07 0.0094411 0.0127078
300 3.90875e-07 0.00662844 0.00633488
301 3.56408e-07 0.00370581 0.00383059
302 3.48147e-07 0.00209478 0.00186227
303 3.44285e-07 0.00225818 0.00264393
304 3.41793e-07 0.00505961 0.0130765
305 2.87131e-07 0.00402476 0.00897764
306 2.77224e-07 0.00329639 0.00646062
307 2.42662e-07 0.0175472 0.182816
308 2.21859e-07 0.0100808 0.0100808
309 1.92632e-07 0.0090957 0.00577486
310 1.05598e-07 0.01339 0.0166914
311 4.73108e-08 0.00754706 0.0052237
312 2.21987e-08 0.00085045 0.00085045
313 1.98811e-08 0.00324431 0.0122998
314 1.79587e-08 0.00344428 0.00355384
315 1.55974e-08 0.00276959 0.000879206
316 1.45317e-08 0.00241661 0.00207248
317 1.29459e-08 0.00162709 0.000781648
318 1.22297e-08 0.00125111 0.000898773
319 1.13486e-08 0.000375878 0.000340345
320 1.12823e-08 0.00060429 0.000816627
321 1.07589e-08 0.000935421 0.00122307
322 1.04236e-08 0.000681316 0.000562316
323 1.00905e-08 0.000338198 0.000359237
324 1.00146e-08 0.000273574 0.000291859
325 9.61074e-09 0.000635096 0.00169408
326 8.85763e-09 0.000548337 0.00136914
327 8.40376e-09 0.000575065 0.00157197
328 8.10793e-09 0.00124899 0.00739872
329 7.4185e-09 0.00135475 0.00743721
330 7.0638e-09 0.000955196 0.00368712
331 5.54007e-09 0.00108776 0.00489609
332 4.53849e-09 0.00161114 0.0107327
333 3.56833e-09 0.00197652 0.0116687
334 2.26182e-09 0.000429756 0.000429756
335 2.20338e-09 0.000372365 0.000235122
336 2.07357e-09 0.000659363 0.00089486
337 1.88381e-09 0.000311771 0.000263435
338 1.83388e-09 9.61291e-05 8.69278e-05
339 1.82328e-09 0.000141812 0.000210554
340 1.61614e-09 0.00033385 0.00120883
341 1.54622e-09 0.000197262 0.000439704
342 1.49608e-09 0.000189153 0.000443474
343 1.42355e-09 0.000470956 0.0027536
344 6.19937e-10 0.000989543 0.00674603
345 4.04471e-10 0.000746541 0.00380685
346 3.53924e-10 0.000355319 0.00090119
347 3.24529e-10 0.000253243 0.000453174
348 2.74375e-10 0.000333664 0.000818998
349 1.911e-10 7.29176e-05 8.48428e-05
350 1.84484e-10 0.000212653 0.000708026
351 1.80985e-10 0.00026885 0.000357722
352 1.63555e-10 0.000214537 0.000176395
353 1.47594e-10 5.51603e-05 5.08882e-05
354 1.4636e-10 4.33731e-05 3.21827e-05
355 1.38721e-10 6.51392e-05 9.786e-05
356 1.34496e-10 2.59583e-05 3.05209e-05
357 1.33321e-10 3.35781e-05 5.88855e-05
358 1.26689e-10 9.12801e-05 0.000442219
359 1.15171e-10 7.15507e-05 0.000277975
360 1.10908e-10 4.15349e-05 0.000102743
361 9.90837e-11 0.000143576 0.00123375
362 6.47321e-11 0.000200001 0.00196862
363 6.345e-11 6.02701e-05 6.02701e-05
364 5.32966e-11 0.000158063 0.000427325
365 2.79616e-11 0.00015521 0.000154889
366 1.60866e-11 1.31599e-05 1.31599e-05
