1 532.4 1125.25 1125.25
2 155.072 319.858 326.803
3 107.328 166.878 166.878
4 78.0551 247.06 437.437
5 57.6557 202.11 202.11
6 33.3588 109.132 109.132
7 16.5862 85.1794 106.567
8 12.9117 62.4218 62.4218
9 9.99203 73.2245 106.221
10 9.92947 71.9991 71.9991
11 7.1111 29.4772 29.4772
12 6.60384 14.9247 14.9247
13 6.46344 9.15571 9.15571
14 6.39303 9.96655 13.7468
15 6.39151 9.75682 9.75682
16 6.33784 5.22484 5.22484
17 6.32053 3.53424 3.53424
18 6.29908 4.93994 8.47509
19 6.28632 4.28191 4.52229
20 6.26791 6.30543 11.9384
21 6.26428 7.40823 8.17599
22 6.22924 4.70952 4.70952
23 6.21503 3.17834 3.17834
24 6.19548 4.26381 7.1335
25 6.16725 10.0326 40.8567
26 6.02917 18.0205 83.1392
27 5.88891 15.134 18.0284
28 5.739 9.27979 9.27979
29 5.64118 8.91638 11.7021
30 5.62637 8.51564 8.533
31 5.5803 5.17215 5.17215
32 5.56033 5.6515 7.71549
33 5.56022 5.82905 5.83515
34 5.53834 3.70977 3.70977
35 5.5211 4.31981 6.4806
36 5.50334 7.64277 13.9875
37 5.38581 11.3459 38.6502
38 5.30928 7.27512 7.27512
39 5.27976 3.76321 3.76321
40 5.27077 2.6113 2.6113
41 5.25642 3.94615 7.14959
42 5.24025 10.607 56.2632
43 5.224 16.6591 53.809
44 5.08512 7.61669 9.15476
45 5.05959 9.90018 20.7099
46 5.05963 9.90384 9.90233
47 5.00369 5.25065 5.25065
48 4.9868 3.21755 3.21755
49 4.97838 5.12595 9.45021
50 4.97749 5.08409 5.08409
51 4.96451 2.94226 3.14178
52 4.95871 2.0461 2.0461
53 4.9462 2.53874 3.91812
54 4.93052 6.93827 32.9608
55 4.90327 10.5974 30.1003
56 4.83564 2.93789 6.58056
57 4.79539 3.31872 10.8403
58 4.73563 6.07514 35.722
59 4.66865 15.7815 306.134
60 4.66881 15.804 15.796
61 4.58243 7.32941 7.79764
62 4.55821 5.44779 5.44779
63 4.54518 3.43455 4.02522
64 4.51929 3.27308 5.46482
65 4.51335 1.7186 1.7186
66 4.51019 3.04768 6.15248
67 4.50761 3.6482 4.15871
68 4.49942 1.82799 1.82799
69 4.49719 3.3493 6.88381
70 4.49691 3.50781 3.54603
71 4.4904 1.70645 1.70645
72 4.48854 1.29978 1.29978
73 4.48367 2.04984 3.78452
74 4.47595 5.84788 36.6379
75 4.47387 6.99398 11.3279
76 4.45241 2.22613 3.85261
77 4.43652 2.44744 4.59158
78 4.43173 1.65635 2.21039
79 4.4248 2.58794 6.74761
80 4.42062 2.35106 2.57003
81 4.41683 1.6285 1.6285
82 4.41361 2.74699 5.3487
83 4.41197 2.57588 2.69881
84 4.40774 1.85669 1.85669
85 4.40624 3.74448 8.30236
86 4.40622 3.74579 3.74586
87 4.40138 1.95075 2.1378
88 4.40007 2.99707 4.8009
89 4.39825 3.19919 3.42557
90 4.39148 1.98213 1.98213
91 4.3882 2.35121 3.46005
92 4.38791 2.71929 2.81346
93 4.38225 3.34349 5.61144
94 4.38216 3.41332 3.4179
95 4.37541 1.81362 1.81362
96 4.37464 3.13429 6.04922
97 4.37464 3.13517 3.13504
98 4.36984 1.57778 1.6251
99 4.36825 1.10643 1.10643
100 4.36481 1.51075 2.51741
101 4.35975 4.08161 21.0717
102 4.35213 6.63408 23.1552
103 4.32356 1.54707 1.54707
104 4.32205 1.05828 1.05828
105 4.31929 1.48477 2.5465
106 4.3136 3.3112 14.3209
107 4.27913 5.30369 22.826
108 4.25669 3.2634 3.59976
109 4.25005 1.65747 1.65747
110 4.24907 2.68716 4.934
111 4.24907 2.68737 2.68736
112 4.24573 1.33381 1.428
113 4.24461 0.839868 0.839868
114 4.24244 0.983916 1.44829
115 4.23998 2.60862 11.39
116 4.2317 8.32749 83.4382
117 4.2051 7.8055 10.9643
118 4.17459 3.91304 4.08165
119 4.16627 1.95582 1.95582
120 4.16383 1.40233 1.40233
121 4.16062 1.98488 3.43011
122 4.1593 1.17672 1.18115
123 4.1584 0.792826 0.792826
124 4.15726 1.05151 1.745
125 4.15595 2.4984 10.0138
126 4.15323 4.25039 17.5942
127 4.1462 3.70391 4.36356
128 4.13486 5.26315 11.1162
129 4.13454 5.02742 5.02742
130 4.12345 2.37177 2.57709
131 4.12031 0.946192 0.946192
132 4.11932 0.998971 1.38986
133 4.1192 1.81792 3.15403
134 4.11525 3.03737 10.3187
135 4.11137 2.14191 2.14191
136 4.10885 1.27823 1.27823
137 4.10782 0.904821 0.904821
138 4.10662 1.36616 2.46246
139 4.10608 0.970079 0.977618
140 4.10584 1.77849 3.65917
141 4.10584 1.77858 1.77857
142 4.10461 0.9031 1.01167
143 4.10413 0.565027 0.565027
144 4.10393 0.4739 0.538026
145 4.10267 3.01605 22.4068
146 4.10218 4.50876 18.0378
147 4.09341 2.83331 4.79377
148 4.08879 3.28 10.4767
149 4.0888 3.28131 3.28074
150 4.08245 1.82059 1.82059
151 4.08042 1.06169 1.06169
152 4.0797 0.680427 0.680427
153 4.07923 0.889234 1.42441
154 4.07912 0.956199 1.01575
155 4.07812 1.16495 2.03737
156 4.07801 1.19778 1.28605
157 4.07663 1.50462 2.69982
158 4.07658 1.46485 1.54811
159 4.07522 2.09675 3.91099
160 4.07513 1.97251 1.97251
161 4.07347 0.991856 1.10334
162 4.07288 0.466099 0.466099
163 4.07254 0.901049 1.95898
164 4.07215 0.824827 0.862223
165 4.07174 0.549485 0.551058
166 4.07162 1.26464 3.15354
167 4.07162 1.27716 1.27788
168 4.07107 0.660743 0.720208
169 4.07086 1.03393 1.62055
170 4.07054 1.04056 1.14054
171 4.06999 1.36288 2.59713
172 4.06999 1.36323 1.36314
173 4.06899 0.757334 0.757334
174 4.06864 0.496576 0.496576
175 4.06835 0.926862 1.95198
176 4.06815 0.955435 1.04422
177 4.06759 0.667092 0.667092
178 4.06731 0.45967 0.45967
179 4.06697 0.804633 1.61979
180 4.06666 0.732145 0.784082
181 4.0663 0.513576 0.513576
182 4.06606 0.992542 2.141
183 4.06602 1.10536 1.22361
184 4.06533 0.800309 0.823049
185 4.06494 0.499456 0.499456
186 4.06465 0.877955 1.76261
187 4.06449 0.904497 0.986922
188 4.06397 0.64477 0.64477
189 4.0637 0.447633 0.447633
190 4.06336 0.737995 1.42161
191 4.06307 0.658838 0.709872
192 4.06277 1.21489 2.7922
193 4.06276 1.21966 1.21956
194 4.06213 0.666649 0.756881
195 4.06185 0.392754 0.392754
196 4.06161 0.953799 2.50336
197 4.06102 1.95776 7.49405
198 4.05933 1.9358 2.48502
199 4.05674 1.08505 1.08505
200 4.056 0.648557 0.648557
201 4.05576 0.799693 1.17954
202 4.05576 0.799942 0.799925
203 4.05536 0.50819 0.50819
204 4.05507 0.698344 1.16486
205 4.05496 0.759831 0.827258
206 4.05433 0.976857 1.83242
207 4.05427 1.04683 1.1482
208 4.05333 1.45221 2.84898
209 4.05325 1.36881 1.36881
210 4.05243 0.71592 0.797452
211 4.05211 0.367977 0.367977
212 4.05179 0.560553 1.01922
213 4.0514 1.60515 9.41801
214 4.05126 2.98828 15.4335
215 4.04641 6.72264 105.599
216 4.04557 7.43006 14.4052
217 4.02853 2.9821 6.30723
218 4.0271 3.29813 3.53845
219 4.02424 1.33817 1.16143
220 4.02424 1.33893 1.33879
221 4.02379 0.623615 0.473253
222 4.02379 0.62393 0.623925
223 4.02367 0.34666 0.37649
224 4.02344 0.604808 0.912257
225 4.02324 0.298696 0.446029
226 4.0223 1.10175 6.56377
227 4.02131 2.27935 19.3715
228 4.01924 4.04622 52.0497
229 4.01582 4.03272 4.93813
230 4.00576 2.44528 2.44528
231 4.00199 2.89503 4.16524
232 4.00199 2.89376 2.89376
233 3.99854 1.24644 1.35395
234 3.99769 0.479605 0.479605
235 3.99754 0.317245 0.317245
236 3.99745 0.380925 0.56901
237 3.99745 0.353383 0.353383
238 3.99739 0.200077 0.221048
239 3.99737 0.379057 0.924666
240 3.99737 0.379144 0.379135
241 3.99732 0.194529 0.218606
242 3.9973 0.32362 0.709483
243 3.9973 0.323738 0.323731
244 3.99724 0.183465 0.183465
245 3.99722 0.134253 0.134253
246 3.99718 0.205035 0.373792
247 3.99714 0.56798 3.23075
248 3.99713 1.01118 4.61417
249 3.99658 0.518288 0.518288
250 3.99643 0.315704 0.315704
251 3.99636 0.212869 0.212869
252 3.99631 0.275237 0.43882
253 3.99631 0.252564 0.255205
254 3.99623 0.358769 0.632778
255 3.9962 0.27876 0.288147
256 3.99616 0.476444 0.967692
257 3.99616 0.474077 0.474077
258 3.99607 0.226769 0.250487
259 3.99604 0.141613 0.141613
260 3.99603 0.111779 0.128
261 3.99596 0.666697 4.70863
262 3.99591 0.942879 3.15087
263 3.99548 0.621626 0.857648
264 3.99521 0.339611 0.339611
265 3.99513 0.21147 0.21147
266 3.9951 0.26861 0.410557
267 3.9951 0.269067 0.269004
268 3.99506 0.165643 0.165643
269 3.99505 0.33726 0.753645
270 3.99505 0.338402 0.338438
271 3.99501 0.170852 0.18943
272 3.99499 0.244476 0.419923
273 3.99498 0.280984 0.3051
274 3.99494 0.399375 0.790112
275 3.99494 0.399413 0.399407
276 3.99486 0.209602 0.224161
277 3.99483 0.12044 0.12044
278 3.9948 0.157036 0.257627
279 3.99474 0.383479 1.65149
280 3.99304 1.53947 21.8863
281 3.99153 0.997841 1.84127
282 3.99084 0.574891 0.574891
283 3.99063 0.336979 0.336979
284 3.99056 0.206408 0.206408
285 3.99055 0.222676 0.281852
286 3.99055 0.222725 0.222707
287 3.99052 0.135965 0.135965
288 3.99051 0.230029 0.437544
289 3.99051 0.230016 0.230016
290 3.99049 0.123045 0.139544
291 3.99048 0.0810702 0.0810702
292 3.99047 0.0689648 0.076572
293 3.99046 0.450063 3.33563
294 3.99045 0.501087 0.662844
295 3.99036 0.245598 0.327882
296 3.99034 0.309044 0.588004
297 3.99034 0.307837 0.307862
298 3.99028 0.183722 0.183722
299 3.99026 0.11928 0.11928
300 3.99024 0.146539 0.223865
301 3.99024 0.155108 0.161235
302 3.99021 0.182069 0.303159
303 3.9902 0.165662 0.176549
304 3.99018 0.207137 0.361514
305 3.99018 0.217839 0.22895
306 3.99015 0.301244 0.550098
307 3.99015 0.299811 0.299811
308 3.99011 0.146241 0.157954
309 3.9901 0.0755927 0.0755927
310 3.99008 0.0890556 0.13698
311 3.98997 0.41022 3.05872
312 3.98954 0.78819 14.4003
313 3.98854 1.61698 33.2317
314 3.98738 0.935975 0.935975
315 3.98688 0.465236 0.465236
316 3.98675 0.247958 0.247958
317 3.98671 0.140771 0.140771
318 3.9867 0.0862426 0.0862426
319 3.98669 0.0968089 0.128769
320 3.98669 0.0968018 0.0968018
321 3.98669 0.0493992 0.0493992
322 3.98669 0.0268971 0.0268971
323 3.98669 0.0163492 0.0163492
324 3.98669 0.0306416 0.0635419
325 3.98669 0.0306417 0.0306417
326 3.98669 0.0158952 0.0177089
327 3.98669 0.0115941 0.0115941
328 3.98669 0.00887516 0.0106484
329 3.98669 0.042411 0.259488
330 3.98668 0.082801 0.983409
331 3.98668 0.16375 1.95863
332 3.98666 0.328755 8.76573
333 3.98666 0.240303 0.240303
334 3.98664 0.115011 0.124306
335 3.98663 0.0666669 0.0666669
336 3.98663 0.0321096 0.0311172
337 3.98663 0.0330867 0.0336265
338 3.98663 0.0150603 0.0138039
339 3.98663 0.0186906 0.019211
340 3.98663 0.00713953 0.00715188
341 3.98663 0.00803721 0.00831564
342 3.98663 0.00389109 0.00425378
343 3.98663 0.0078633 0.0127006
344 3.98663 0.0031233 0.00404048
345 3.98663 0.0132113 0.0764269
346 3.98663 0.0142841 0.0217588
347 3.98663 0.00974715 0.00974715
348 3.98663 0.00643758 0.00643758
349 3.98663 0.00726327 0.0103512
350 3.98663 0.00685687 0.00685687
351 3.98663 0.00396619 0.00415674
352 3.98663 0.00261733 0.00261733
353 3.98663 0.00327155 0.00523688
354 3.98663 0.00951646 0.0476102
355 3.98663 0.0110291 0.0142332
356 3.98663 0.00449004 0.00600648
357 3.98663 0.00506728 0.0102113
358 3.98663 0.00533919 0.0058795
359 3.98663 0.00672586 0.0124531
360 3.98663 0.00649458 0.00649458
361 3.98663 0.00377491 0.00405911
362 3.98663 0.00239899 0.00239899
363 3.98663 0.00279549 0.00427632
364 3.98663 0.00720852 0.0307524
365 3.98663 0.0162333 0.0928104
366 3.98663 0.00525161 0.0120447
367 3.98663 0.0074707 0.0343525
368 3.98663 0.00793651 0.0114609
369 3.98663 0.00547574 0.00547574
370 3.98663 0.00359111 0.00359111
371 3.98663 0.00374593 0.00513458
372 3.98663 0.00394282 0.00407723
373 3.98663 0.00370251 0.00547711
374 3.98663 0.00363214 0.00380681
375 3.98663 0.00406365 0.00639815
376 3.98663 0.00456406 0.0047816
377 3.98663 0.00540992 0.00900615
378 3.98663 0.00543718 0.00544146
379 3.98663 0.00302216 0.00302216
380 3.98663 0.00439267 0.00749545
381 3.98663 0.00444784 0.00445484
382 3.98663 0.00264163 0.00264163
383 3.98663 0.00537028 0.0120162
384 3.98663 0.00547509 0.00548477
385 3.98663 0.00300294 0.00343238
386 3.98663 0.00202233 0.00202233
387 3.98663 0.00600886 0.0187753
388 3.98663 0.00699083 0.00788792
389 3.98663 0.0027246 0.00349016
390 3.98663 0.00470205 0.0106704
391 3.98663 0.0125633 0.0903305
392 3.98663 0.013023 0.0134628
393 3.98663 0.0046891 0.00512378
394 3.98663 0.00314276 0.00314276
395 3.98663 0.00185518 0.0020526
396 3.98663 0.0026624 0.00502834
397 3.98663 0.00745217 0.0455619
398 3.98663 0.0131748 0.0643299
399 3.98663 0.00355739 0.00355739
400 3.98663 0.00215761 0.0024861
401 3.98663 0.00329471 0.00711762
402 3.98663 0.00781663 0.0392875
403 3.98663 0.00996644 0.0175573
404 3.98663 0.0060277 0.00641282
405 3.98663 0.00365506 0.00365506
406 3.98663 0.00484968 0.00767068
407 3.98663 0.00480593 0.00480593
408 3.98663 0.00281413 0.00320967
409 3.98663 0.00507833 0.0125187
410 3.98663 0.00507975 0.00507942
411 3.98663 0.00289886 0.00332117
412 3.98663 0.00490395 0.0114788
413 3.98663 0.00490564 0.00490514
414 3.98663 0.00288592 0.00320375
415 3.98663 0.00183067 0.00183067
416 3.98663 0.0018802 0.00259633
417 3.98663 0.0138213 0.144673
418 3.98663 0.0165963 0.0388472
419 3.98663 0.00610023 0.0108625
420 3.98663 0.0120512 0.0527229
421 3.98663 0.0120561 0.0120552
422 3.98663 0.00391799 0.00410154
423 3.98663 0.00227805 0.00227805
424 3.98663 0.00425259 0.00887483
425 3.98663 0.00436035 0.00438008
426 3.98663 0.00212734 0.00224767
427 3.98663 0.00414401 0.00966646
428 3.98663 0.00418088 0.0041963
429 3.98663 0.00240627 0.00276906
430 3.98663 0.00430457 0.0105512
