1 532.4 1125.25 1125.25
2 155.072 319.858 324.697
3 107.188 165.242 148.508
4 89.4656 270.281 359.188
5 62.375 199.14 195.756
6 43.7769 117.899 93.1765
7 35.4391 209.264 374.266
8 18.1693 130.818 175.636
9 13.1859 57.1058 60.1926
10 7.3635 40.4336 48.0445
11 6.7649 16.9888 17.4531
12 6.58991 10.4028 7.18796
13 6.46854 13.9381 19.6156
14 6.38476 6.048 5.8437
15 6.36656 3.6792 3.08346
16 6.35026 8.01058 16.016
17 6.31952 9.90596 23.4694
18 6.29166 7.76375 10.6624
19 6.24465 8.43506 12.2248
20 6.23593 4.57454 4.41953
21 6.22316 3.16033 1.96393
22 6.20568 3.47111 6.03696
23 6.17395 6.41063 15.9021
24 6.0954 11.8214 63.6542
25 5.84005 21.5048 111.3
26 5.71618 17.7113 18.656
27 5.51523 11.5194 5.95073
28 5.42577 16.8993 26.2949
29 5.27631 9.0042 9.89535
30 5.2674 4.83976 5.37501
31 5.2196 6.10566 10.0073
32 5.20037 3.84077 3.85701
33 5.19187 6.21306 7.31582
34 5.18073 5.34749 5.18198
35 5.16526 2.92816 1.80662
36 5.1606 14.9972 54.1653
37 5.07815 13.3814 23.4816
38 5.04503 4.39339 4.48305
39 5.04444 4.01206 5.05482
40 5.03753 2.88766 3.38482
41 5.0223 5.63005 11.6949
42 5.0058 4.5372 4.83937
43 4.99344 2.50485 1.98721
44 4.98899 5.57468 9.09968
45 4.97726 4.38007 4.2817
46 4.96915 2.30622 2.40001
47 4.96171 4.68015 8.48541
48 4.95157 3.92803 4.01099
49 4.94208 2.55295 2.10468
50 4.93866 5.99898 9.38071
51 4.92727 4.64091 4.60802
52 4.91788 2.36582 2.47361
53 4.91279 5.09936 8.32004
54 4.90381 4.26322 4.36806
55 4.89274 2.70325 2.21511
56 4.88899 2.26302 2.38195
57 4.88163 4.54682 8.21418
58 4.87231 3.75532 3.92715
59 4.86332 2.48706 1.99598
60 4.8618 6.08727 8.89119
61 4.85173 4.74461 4.7648
62 4.84216 2.30288 2.43395
63 4.83879 5.05824 7.77466
64 4.83116 4.30206 4.43849
65 4.81983 2.70427 2.15835
66 4.81628 2.24403 2.38554
67 4.81065 4.65528 7.81406
68 4.80258 3.86195 4.0512
69 4.79312 2.51622 1.96656
70 4.79007 2.12796 2.27433
71 4.78369 4.2256 7.49515
72 4.77581 3.53795 3.78378
73 4.76759 2.36284 1.80227
74 4.76494 2.03331 2.1863
75 4.75808 3.8753 7.20502
76 4.75043 3.27103 3.56596
77 4.74317 2.23572 1.65216
78 4.74235 5.45745 7.72178
79 4.73409 4.30839 4.34634
80 4.72692 2.02388 2.14574
81 4.7234 4.11269 6.51469
82 4.71721 3.64555 3.87592
83 4.7086 2.36713 1.71814
84 4.70615 2.04265 2.20861
85 4.70081 4.00077 6.7584
86 4.69431 3.38468 3.69514
87 4.68661 2.28092 1.61955
88 4.6844 1.97301 2.14024
89 4.67891 3.7621 6.48859
90 4.67268 3.20751 3.5556
91 4.66559 2.18962 1.50611
92 4.66362 1.91521 2.08311
93 4.65804 3.55886 6.22911
94 4.6521 3.05706 3.44764
95 4.64551 2.11131 1.40452
96 4.64374 1.86353 2.03127
97 4.63814 3.37656 5.97622
98 4.63247 2.92094 3.34797
99 4.62918 6.02291 8.49474
100 4.62281 4.86316 5.15588
101 4.6083 3.09267 2.13509
102 4.60517 2.50574 2.69973
103 4.60102 1.57014 0.979089
104 4.58621 6.23872 27.905
105 4.5281 10.5452 63.2011
106 4.47212 9.59384 21.6627
107 4.43206 5.32204 8.56173
108 4.41723 11.694 40.624
109 4.37335 7.74487 13.2871
110 4.35594 2.50711 2.67407
111 4.35298 1.72101 1.44702
112 4.34826 2.37132 4.55703
113 4.33873 4.30221 12.2989
114 4.33134 2.53082 3.22817
115 4.32778 1.78505 1.49851
116 4.32215 2.24997 6.62401
117 4.30956 5.29149 19.6167
118 4.29827 3.95206 4.89016
119 4.29025 2.18625 1.84865
120 4.28617 4.35575 8.99297
121 4.27815 2.6941 3.36162
122 4.27648 0.990826 0.900369
123 4.27477 1.44437 2.58508
124 4.27151 3.13659 10.4691
125 4.26096 4.11498 18.8372
126 4.2391 7.03494 65.7423
127 4.20879 6.22532 6.91506
128 4.18743 4.1367 3.97237
129 4.17522 8.16248 11.6481
130 4.16472 3.84697 4.2417
131 4.15553 1.90478 0.989412
132 4.15455 1.75582 1.82256
133 4.15258 1.09284 0.702685
134 4.15198 2.25307 3.34003
135 4.15032 1.41882 1.59008
136 4.14966 0.599133 0.603477
137 4.14866 0.846169 2.0578
138 4.14557 1.74772 9.46485
139 4.11211 7.82098 76.6992
140 4.09884 6.47724 14.442
141 4.05951 7.08989 16.8516
142 4.04924 4.98924 5.0107
143 4.03427 2.73863 1.20697
144 4.03272 2.54933 2.50556
145 4.02882 1.53451 0.836317
146 4.02816 1.37784 1.41756
147 4.02695 0.830718 0.426681
148 4.02676 0.765705 0.80098
149 4.02637 0.49633 0.25802
150 4.02625 0.923381 1.34027
151 4.02592 0.556321 0.634061
152 4.02585 0.241689 0.224235
153 4.02519 0.774067 3.6931
154 4.02314 1.56502 14.6843
155 4.01365 2.0248 34.5858
156 4.00068 3.79558 57.3091
157 3.99706 3.03814 6.48962
158 3.99211 1.36394 1.70296
159 3.99113 2.04937 4.37412
160 3.98994 0.997221 1.28692
161 3.98944 0.33614 0.297011
162 3.98943 0.308863 0.324999
163 3.98937 0.157544 0.103709
164 3.98936 0.132492 0.117921
165 3.98935 0.0948427 0.0732921
166 3.98934 0.166096 0.219467
167 3.98934 0.118868 0.117693
168 3.98933 0.063654 0.0513859
169 3.98928 0.171681 0.997282
170 3.98914 0.320193 2.73059
171 3.98888 2.18152 52.472
172 3.98791 1.3677 12.7704
173 3.98703 0.488765 0.59784
174 3.98688 0.349515 0.259924
175 3.98682 0.649964 0.941401
176 3.98671 0.338037 0.444357
177 3.98666 0.0700635 0.0776863
178 3.98666 0.0523377 0.0440938
179 3.98666 0.0379695 0.0361876
180 3.98666 0.0705568 0.0980844
181 3.98666 0.032069 0.0357301
182 3.98665 0.0163524 0.00854875
183 3.98665 0.0265663 0.0346282
184 3.98665 0.0151009 0.0157519
185 3.98665 0.00674407 0.0065013
186 3.98665 0.0366983 0.11141
187 3.98665 0.0216863 0.0271767
188 3.98665 0.0147712 0.0109042
189 3.98665 0.0205125 0.0435668
190 3.98665 0.00798716 0.0066488
191 3.98665 0.00798459 0.0113501
192 3.98665 0.0150606 0.0323459
193 3.98665 0.0099966 0.0100628
194 3.98665 0.0213334 0.0309188
195 3.98665 0.012482 0.0153487
196 3.98665 0.00655743 0.00529106
197 3.98665 0.0250067 0.106845
198 3.98665 0.0442466 0.261006
199 3.98665 0.0533835 0.459956
200 3.98664 0.0952883 1.29105
201 3.98664 0.0674687 0.233622
202 3.98664 0.0408435 0.0797095
203 3.98664 0.06094 0.240945
204 3.98663 0.0217151 0.0620198
205 3.98663 0.0186522 0.0535096
206 3.98663 0.0130932 0.0159291
207 3.98663 0.00583506 0.00583401
208 3.98663 0.00427165 0.00421278
209 3.98663 0.00742005 0.0139708
210 3.98663 0.00478762 0.00459949
211 3.98663 0.00954867 0.0125019
212 3.98663 0.00705352 0.00706733
213 3.98663 0.0046854 0.00324363
214 3.98663 0.0101804 0.0157195
215 3.98663 0.00720397 0.00772815
216 3.98663 0.00333259 0.00337706
217 3.98663 0.00487837 0.0108041
218 3.98663 0.0103126 0.0469085
219 3.98663 0.0128564 0.0973176
220 3.98663 0.051399 0.808053
221 3.98663 0.107197 2.44472
222 3.98663 0.0605995 0.823322
223 3.98662 0.0211846 0.114951
224 3.98662 0.0149451 0.0373386
225 3.98662 0.0110763 0.0113326
226 3.98662 0.00769899 0.00614398
227 3.98662 0.00607415 0.0058304
228 3.98662 0.00407244 0.00314652
229 3.98662 0.00325948 0.00319568
230 3.98662 0.00219857 0.0016816
231 3.98662 0.00179877 0.00176081
232 3.98662 0.00126681 0.000968666
233 3.98662 0.00281355 0.00364487
234 3.98662 0.00154083 0.00184122
235 3.98662 0.000610543 0.000568178
236 3.98662 0.00104088 0.00194719
237 3.98662 0.00065666 0.000636704
238 3.98662 0.00132801 0.00186919
239 3.98662 0.000921994 0.000921907
240 3.98662 0.000648491 0.000487418
241 3.98662 0.00132323 0.00214523
242 3.98662 0.000868709 0.000898451
243 3.98662 0.000473101 0.000475251
244 3.98662 0.000704513 0.00169674
245 3.98662 0.00181247 0.00694119
246 3.98662 0.00261343 0.0190006
247 3.98662 0.00593655 0.0976192
248 3.98662 0.00400574 0.00427054
249 3.98662 0.00478918 0.00415275
250 3.98662 0.00426406 0.00476279
251 3.98662 0.00250324 0.00210535
252 3.98662 0.00221932 0.00239553
253 3.98662 0.00133823 0.00111995
254 3.98662 0.000965857 0.000868558
255 3.98662 0.000674256 0.000370057
256 3.98662 0.000601283 0.000631161
257 3.98662 0.000372917 6.23026e-05
258 3.98662 0.000530726 0.00193763
259 3.98662 0.000614601 0.00265991
260 3.98662 0.00115504 0.0117678
261 3.98662 0.00164339 0.0190245
262 3.98662 0.00367297 0.0752612
263 3.98662 0.00418205 0.0906056
264 3.98662 0.00223195 0.0117627
265 3.98662 0.0027443 0.0154441
266 3.98662 0.00176496 0.0039129
267 3.98662 0.00221699 0.005397
268 3.98662 0.0015302 0.00178708
269 3.98662 0.00100339 0.000747412
270 3.98662 0.000877716 0.000905766
271 3.98662 0.000490388 9.92882e-05
272 3.98662 0.000581042 0.000731234
273 3.98662 0.000317089 0.000281474
