1 532.4 1125.25 1125.25
2 155.072 319.858 315.282
3 106.846 156.525 156.525
4 73.4344 233.786 393.89
5 47.5701 158.028 158.028
6 32.2805 93.3772 93.3772
7 16.8699 86.5981 115.363
8 12.2299 58.6396 58.6396
9 10.5418 78.4567 91.128
10 9.88021 68.6466 68.6466
11 7.15757 31.682 31.682
12 6.55375 16.5558 16.5558
13 6.38072 9.90473 9.90473
14 6.3245 10.5421 8.83637
15 6.30594 9.40862 9.40862
16 6.25093 5.4446 5.4446
17 6.2331 6.61337 6.84403
18 6.22109 8.44529 9.3062
19 6.13128 8.59063 11.0329
20 6.10911 14.1678 29.5721
21 6.07072 12.1488 12.2336
22 5.98364 7.02944 7.02944
23 5.96987 10.4721 12.8002
24 5.96838 9.90294 9.90294
25 5.92196 4.91963 5.18633
26 5.90649 3.11302 3.11302
27 5.88457 3.72399 5.79277
28 5.86743 10.2996 44.3092
29 5.83981 15.3397 36.9638
30 5.71811 6.44803 9.29001
31 5.66642 9.73086 20.7702
32 5.65126 9.03282 9.23927
33 5.60128 5.51775 5.51775
34 5.59035 8.11044 9.99457
35 5.58893 7.75976 7.75976
36 5.55862 4.13012 4.22809
37 5.54769 2.88205 2.88205
38 5.53005 4.25325 7.58018
39 5.51781 3.33885 3.57918
40 5.49587 4.20812 6.86279
41 5.48154 11.0349 47.1494
42 5.44729 14.5103 25.8365
43 5.34774 7.2486 10.3643
44 5.33225 11.2278 22.1925
45 5.33225 11.2286 11.2286
46 5.26624 5.66414 5.66414
47 5.24734 3.50946 3.50946
48 5.23996 6.68158 11.9893
49 5.23825 6.44448 6.44448
50 5.22114 3.54707 4.04427
51 5.21807 6.35644 11.6371
52 5.2177 6.51842 6.53207
53 5.19497 3.71838 3.71838
54 5.18645 2.61449 2.61449
55 5.17461 4.65683 9.19781
56 5.16317 3.90001 4.04354
57 5.15315 2.75718 2.75718
58 5.14233 4.84948 9.08527
59 5.13315 4.30142 4.53304
60 5.12086 3.00596 3.00596
61 5.113 5.66573 10.4739
62 5.10851 5.53635 5.74794
63 5.08999 3.80794 3.80794
64 5.08094 2.6245 2.6245
65 5.07007 4.40398 8.10635
66 5.06114 3.82399 4.06035
67 5.0528 7.15703 13.2408
68 5.05136 6.92361 6.92361
69 5.03133 3.67326 4.14669
70 5.02273 2.17933 2.17933
71 5.01476 5.17539 13.0075
72 4.98127 8.98933 30.4081
73 4.86765 19.3801 132.456
74 4.73628 12.0912 12.0912
75 4.6742 7.3444 8.56075
76 4.59619 7.07852 8.99479
77 4.57958 4.51618 4.51618
78 4.56657 2.79586 2.79586
79 4.56007 3.2295 3.48464
80 4.55667 5.77308 10.2556
81 4.54075 3.43257 3.43257
82 4.53819 6.52382 10.9713
83 4.53797 6.19471 6.19471
84 4.52396 3.10394 3.2219
85 4.51867 1.68799 1.68799
86 4.51691 1.37453 1.51024
87 4.51088 2.10632 4.15745
88 4.50295 6.26959 36.8006
89 4.49772 11.2093 53.2401
90 4.42853 4.39233 4.39233
91 4.41764 2.82047 2.82177
92 4.41254 2.01778 2.01778
93 4.40713 2.92903 4.57032
94 4.40498 2.03235 2.07445
95 4.3982 2.6123 4.02854
96 4.39548 1.88297 2.09119
97 4.38786 1.7377 2.51337
98 4.38447 4.83427 19.5024
99 4.3767 6.76973 13.6033
100 4.35526 2.51197 3.29596
101 4.35091 1.2935 1.2935
102 4.34871 2.67234 5.72085
103 4.34626 2.40794 2.4454
104 4.34316 1.51548 1.62832
105 4.34225 3.38461 7.583
106 4.34214 3.43314 3.436
107 4.33773 1.80018 1.92587
108 4.33579 1.16651 1.16651
109 4.33492 0.988638 1.09123
110 4.3337 6.69105 49.5533
111 4.3337 6.72544 6.73069
112 4.31992 3.21361 2.78585
113 4.31525 1.4828 1.4828
114 4.31402 1.09384 1.21918
115 4.31108 1.77917 3.78845
116 4.30951 4.80905 27.3638
117 4.30929 5.37095 6.45468
118 4.29733 2.80637 3.39995
119 4.29326 3.3579 4.17011
120 4.29235 3.13926 3.14947
121 4.28568 3.17232 2.66681
122 4.28444 2.74563 2.75098
123 4.27993 2.77057 2.19707
124 4.27855 2.56226 2.57281
125 4.27656 2.88406 2.17994
126 4.27596 2.86645 2.87443
127 4.27066 1.77857 1.77857
128 4.26853 1.94136 1.80419
129 4.26445 2.17715 2.31525
130 4.26019 2.23505 2.24038
131 4.2584 4.07025 7.34265
132 4.25009 2.28013 2.28013
133 4.24704 1.46398 1.46398
134 4.24597 2.77598 4.88371
135 4.24574 2.62158 2.62158
136 4.24321 1.4165 1.51195
137 4.24184 1.9937 2.88258
138 4.24088 1.85593 1.88189
139 4.23925 2.89826 4.05531
140 4.23903 2.70855 2.70855
141 4.23576 1.4572 1.6258
142 4.23436 0.885533 0.885533
143 4.23236 1.15702 1.8885
144 4.23106 3.58748 17.9825
145 4.23068 4.22809 5.7409
146 4.22339 1.50665 1.67776
147 4.2228 3.5181 8.62772
148 4.22265 3.62302 3.63803
149 4.21859 1.7409 1.53311
150 4.21715 0.937294 0.937294
151 4.21661 0.763262 0.837496
152 4.21471 1.15289 2.23955
153 4.21231 3.48535 20.4441
154 4.21087 6.44124 32.7862
155 4.18616 2.78874 2.78874
156 4.18263 1.56454 1.75424
157 4.18099 0.904569 0.904569
158 4.17951 1.1928 1.9065
159 4.17875 0.954244 1.03968
160 4.17667 1.03545 1.64957
161 4.17506 2.36844 8.7458
162 4.17107 5.80561 38.5717
163 4.14333 10.1877 113.412
164 4.13659 9.4928 9.4928
165 4.09753 4.93833 5.5096
166 4.08205 2.54871 2.54871
167 4.08054 4.32581 6.29303
168 4.08042 3.97289 3.97289
169 4.07476 1.71811 1.70024
170 4.07325 0.861465 0.861465
171 4.07281 0.56998 0.56998
172 4.07228 0.828133 1.37198
173 4.07199 0.60767 0.638987
174 4.07126 0.79477 1.32843
175 4.07093 0.569175 0.621532
176 4.07019 0.665017 1.10533
177 4.06989 0.522769 0.541442
178 4.06936 0.646683 1.0256
179 4.06882 1.3683 4.67515
180 4.06542 2.45381 9.22608
181 4.06345 5.92889 53.5619
182 4.06342 6.03222 6.10956
183 4.04944 0.978657 0.952161
184 4.04897 0.443395 0.443395
185 4.04872 0.754495 1.33876
186 4.04852 0.686511 0.699878
187 4.04823 0.433042 0.433042
188 4.04792 0.582381 0.91164
189 4.04774 0.51835 0.547215
190 4.0474 0.668348 0.954331
191 4.04714 1.35687 3.68264
192 4.04356 1.54609 4.63303
193 4.04271 4.04538 31.4407
194 4.04271 4.04787 4.04782
195 4.03767 1.46189 1.19577
196 4.03693 0.446559 0.446559
197 4.03682 0.295897 0.295897
198 4.03655 0.36911 0.570561
199 4.03621 0.93458 3.76066
200 4.03406 2.30002 14.7575
201 4.03013 1.13613 1.13613
202 4.02945 0.544628 0.544628
203 4.02925 0.726039 0.8724
204 4.02917 0.679047 0.681967
205 4.02887 0.415716 0.415716
206 4.0287 0.509232 0.630207
207 4.02835 0.746824 1.13907
208 4.02796 1.49371 4.4373
209 4.02787 1.63132 1.83295
210 4.02657 0.852168 0.871119
211 4.02614 0.466398 0.466398
212 4.02606 0.697875 0.88152
213 4.02605 0.726985 0.729701
214 4.02571 0.466921 0.466921
215 4.02557 0.315096 0.315096
216 4.0254 0.404233 0.625791
217 4.0251 0.876272 2.9288
218 4.02284 4.77694 86.9598
219 4.02242 4.95897 6.22604
220 4.0139 2.35652 2.45461
221 4.01106 1.11065 1.11065
222 4.0104 0.71405 0.761386
223 4.01013 1.28639 2.26551
224 4.0101 1.17173 1.17173
225 4.00967 0.540754 0.470154
226 4.00954 0.269914 0.269914
227 4.00949 0.210405 0.22857
228 4.00937 0.306154 0.583501
229 4.00929 0.199265 0.201187
230 4.00917 0.22389 0.32458
231 4.00907 0.611052 2.45536
232 4.00899 1.98167 18.5189
233 4.00815 1.99925 3.31017
234 4.00612 1.17482 1.27864
235 4.00525 0.637291 0.637291
236 4.0049 0.649644 0.620826
237 4.00482 0.512547 0.513286
238 4.00465 0.309408 0.309408
239 4.00458 0.373225 0.41411
240 4.00452 0.610067 0.966117
241 4.00432 0.362305 0.362305
242 4.00415 0.335444 0.363951
243 4.00411 0.275415 0.275415
244 4.00405 0.377992 0.481581
245 4.00402 0.374672 0.38515
246 4.00397 0.48988 0.518567
247 4.00395 0.518055 0.524227
248 4.00378 0.301802 0.301802
249 4.00376 0.406675 0.426192
250 4.00374 0.445949 0.452958
251 4.00361 0.268274 0.268274
252 4.00357 0.354731 0.40594
253 4.0035 0.597826 0.877342
254 4.00336 1.23713 3.63406
255 4.00332 1.20965 1.20965
256 4.00286 0.535669 0.471166
257 4.00273 0.205147 0.205147
258 4.00271 0.154747 0.172759
259 4.00264 0.239694 0.48796
260 4.00247 0.605484 3.17472
261 4.00026 4.20303 132.335
262 3.99709 4.93012 38.8449
263 3.99028 2.34958 8.99125
264 3.9879 1.10231 1.10231
265 3.98733 0.60082 0.654328
266 3.98709 0.345641 0.345641
267 3.98693 0.223253 0.197175
268 3.98691 0.14664 0.14664
269 3.9869 0.0887305 0.0887305
270 3.9869 0.105157 0.0819529
271 3.9869 0.100339 0.100339
272 3.98689 0.0557901 0.0557901
273 3.98689 0.0343541 0.0343541
274 3.98689 0.0564302 0.0818226
275 3.98689 0.0536767 0.0536767
276 3.98689 0.0300231 0.0335173
277 3.98689 0.019025 0.019025
278 3.98689 0.0250618 0.0408401
279 3.98688 0.0744952 0.360869
280 3.98688 0.129272 0.48365
281 3.98687 0.0355032 0.0355032
282 3.98687 0.0226202 0.0250056
283 3.98687 0.038027 0.0745951
284 3.98687 0.0336121 0.0346911
285 3.98687 0.0733071 0.151078
286 3.98687 0.0727304 0.0727304
287 3.98687 0.0340708 0.0331475
288 3.98687 0.020602 0.020602
289 3.98687 0.017045 0.0183897
290 3.98687 0.0234391 0.0409743
291 3.98687 0.0709824 0.376289
292 3.98686 0.13127 0.609671
293 3.98685 0.282997 2.83399
294 3.98672 0.275586 0.342832
295 3.9867 0.107948 0.0900926
296 3.98669 0.0335787 0.0335787
297 3.98669 0.0199886 0.0208918
298 3.98669 0.0135536 0.0135536
299 3.98669 0.0134686 0.0183246
300 3.98669 0.0384285 0.146836
301 3.98669 0.0606651 0.147989
302 3.98669 0.0216467 0.0229035
303 3.98669 0.0149653 0.0154627
304 3.98669 0.0323737 0.0751971
305 3.98669 0.049086 0.173938
306 3.98669 0.0762677 0.325527
307 3.98668 0.0471795 0.0471795
308 3.98668 0.0303194 0.0303194
309 3.98668 0.0230145 0.0181829
310 3.98668 0.0186331 0.0189405
311 3.98668 0.021137 0.0242047
312 3.98668 0.0169943 0.0172269
313 3.98668 0.0151372 0.0174959
314 3.98668 0.0291262 0.0670179
315 3.98668 0.0531932 0.217232
316 3.98668 0.0932456 0.670127
317 3.98666 0.114433 0.824953
318 3.98665 0.0647266 0.0647266
319 3.98665 0.0362591 0.0362591
320 3.98665 0.022937 0.022937
321 3.98665 0.0211254 0.0142444
322 3.98665 0.0186149 0.0186149
323 3.98665 0.022077 0.0181895
324 3.98665 0.0209752 0.0208677
325 3.98665 0.0126434 0.0126434
326 3.98665 0.0140156 0.0130051
327 3.98665 0.0185889 0.021826
328 3.98665 0.0406107 0.100314
329 3.98665 0.0396175 0.0396175
330 3.98665 0.0172681 0.014205
331 3.98665 0.00683447 0.00683447
332 3.98665 0.00549397 0.00610933
333 3.98665 0.00785658 0.0147225
334 3.98665 0.0230659 0.127605
335 3.98665 0.0395306 0.163457
336 3.98665 0.00948906 0.00948906
337 3.98665 0.00664702 0.00695311
338 3.98665 0.01177 0.0237603
339 3.98665 0.00941371 0.00947721
340 3.98665 0.00681139 0.00681139
341 3.98665 0.0107633 0.0193834
342 3.98665 0.0082739 0.0085459
343 3.98665 0.0139554 0.0247828
344 3.98665 0.0119594 0.0122493
345 3.98665 0.00827466 0.00827466
346 3.98665 0.014693 0.0250213
347 3.98665 0.0137356 0.0138269
348 3.98665 0.00937793 0.00937793
349 3.98665 0.00667063 0.00667063
350 3.98665 0.00912556 0.0151342
351 3.98665 0.00757379 0.00810464
352 3.98665 0.00910456 0.0140086
353 3.98665 0.0204228 0.0721578
354 3.98665 0.0295813 0.114788
355 3.98664 0.0487395 0.31667
356 3.98664 0.018975 0.018975
357 3.98664 0.0096516 0.00989164
358 3.98664 0.00596212 0.00596212
359 3.98664 0.00909043 0.0155036
360 3.98664 0.0079074 0.00829764
361 3.98664 0.0126566 0.0203029
362 3.98664 0.0124781 0.0128827
363 3.98664 0.00797755 0.00797755
364 3.98664 0.0143729 0.0225261
365 3.98664 0.0142252 0.0142252
366 3.98664 0.00736605 0.00786891
367 3.98664 0.00477297 0.00477297
368 3.98664 0.00524601 0.0074413
369 3.98664 0.00790751 0.0191963
370 3.98664 0.0240769 0.177917
371 3.98664 0.0475457 0.346729
372 3.98664 0.0730621 0.820465
373 3.98663 0.098568 1.49616
374 3.98663 0.0317797 0.0317797
375 3.98663 0.0172919 0.0172919
376 3.98663 0.0100809 0.0100809
377 3.98663 0.00615979 0.00615979
378 3.98663 0.00391075 0.00391075
379 3.98663 0.00417333 0.00329092
380 3.98663 0.00378173 0.0037625
381 3.98663 0.00347653 0.00251582
382 3.98663 0.00395774 0.00449123
383 3.98663 0.00229887 0.00229887
384 3.98663 0.00416476 0.00685302
385 3.98663 0.00393495 0.00393495
386 3.98663 0.00211976 0.0023858
387 3.98663 0.00325322 0.00497003
388 3.98663 0.00350222 0.0035629
389 3.98663 0.00228745 0.00228745
390 3.98663 0.0034479 0.00471952
391 3.98663 0.00317319 0.00314758
392 3.98663 0.00491472 0.00672463
393 3.98663 0.00463948 0.00463948
394 3.98663 0.00232719 0.00249643
395 3.98663 0.00130303 0.00130303
396 3.98663 0.00163372 0.00259141
397 3.98663 0.00390202 0.0153968
398 3.98662 0.00537129 0.01746
399 3.98662 0.00336292 0.00404671
400 3.98662 0.00167983 0.00167983
401 3.98662 0.00267904 0.00413603
402 3.98662 0.00274472 0.00287874
403 3.98662 0.00171667 0.00171667
404 3.98662 0.00297127 0.00480348
405 3.98662 0.00313693 0.00326432
406 3.98662 0.00198354 0.00198354
407 3.98662 0.0013493 0.0013493
408 3.98662 0.00204231 0.00365241
409 3.98662 0.00546449 0.0259864
410 3.98662 0.00781093 0.0180986
411 3.98662 0.00388928 0.00541048
412 3.98662 0.004636 0.00716587
413 3.98662 0.00426344 0.00430871
414 3.98662 0.00500172 0.00399191
415 3.98662 0.00486035 0.00485396
416 3.98662 0.00280539 0.00280539
417 3.98662 0.00331123 0.00279479
418 3.98662 0.00333437 0.00334116
419 3.98662 0.00200122 0.00200122
420 3.98662 0.00235998 0.00256161
421 3.98662 0.00287618 0.00329328
422 3.98662 0.00246799 0.00298888
423 3.98662 0.00278171 0.00463256
424 3.98662 0.00562835 0.0194571
425 3.98662 0.00410921 0.00410921
426 3.98662 0.00229837 0.00260797
427 3.98662 0.00133159 0.00133159
428 3.98662 0.00276094 0.00590738
429 3.98662 0.00242642 0.00244793
430 3.98662 0.00160977 0.00176698
431 3.98662 0.00318625 0.00656302
432 3.98662 0.00309643 0.00309643
433 3.98662 0.00173695 0.00194701
434 3.98662 0.00218465 0.00305796
435 3.98662 0.00398138 0.00904782
436 3.98662 0.00688777 0.0279183
437 3.98662 0.0147476 0.127442
438 3.98662 0.0166837 0.0287116
439 3.98662 0.00954125 0.0125272
440 3.98662 0.00477982 0.00477982
441 3.98662 0.00291423 0.00291423
442 3.98662 0.00190458 0.00190458
443 3.98662 0.00304069 0.00436445
444 3.98662 0.00279087 0.00279087
445 3.98662 0.00158451 0.00182053
446 3.98662 0.00216866 0.00303607
447 3.98662 0.00221942 0.00225875
448 3.98662 0.00280908 0.00351366
449 3.98662 0.00220851 0.00218816
450 3.98662 0.00202197 0.00234177
451 3.98662 0.00154352 0.00170635
452 3.98662 0.0013659 0.00179938
453 3.98662 0.00260285 0.00698513
454 3.98662 0.00486739 0.0248185
455 3.98662 0.0073523 0.0570271
456 3.98662 0.00750432 0.0478094
457 3.98662 0.00369571 0.00369571
458 3.98662 0.00234529 0.00234529
459 3.98662 0.0027074 0.00227857
460 3.98662 0.00251742 0.00251742
461 3.98662 0.00150942 0.0015657
462 3.98662 0.000977064 0.000977064
463 3.98662 0.00141026 0.00218511
464 3.98662 0.00115188 0.00121607
465 3.98662 0.00139271 0.00211518
466 3.98662 0.00105985 0.00119535
467 3.98662 0.000956417 0.00139008
468 3.98662 0.0017657 0.00503203
469 3.98662 0.00412351 0.027548
470 3.98662 0.00937865 0.0882498
471 3.98662 0.00753573 0.0117574
472 3.98662 0.00408515 0.00408515
473 3.98662 0.00234661 0.00234661
474 3.98662 0.00142691 0.00142691
475 3.98662 0.00152324 0.00113166
476 3.98662 0.00209201 0.00232787
477 3.98662 0.00127022 0.00127022
478 3.98662 0.00169734 0.00190452
479 3.98662 0.00157619 0.00157619
480 3.98662 0.000943872 0.00103428
481 3.98662 0.000608374 0.000608374
482 3.98662 0.000591597 0.00080863
483 3.98662 0.00254938 0.0154097
484 3.98662 0.00629863 0.0940985
485 3.98662 0.00858998 0.0480405
486 3.98662 0.00414828 0.0121551
487 3.98662 0.00538057 0.019854
488 3.98662 0.0052852 0.0052852
489 3.98662 0.00298519 0.00298519
490 3.98662 0.0017595 0.0017595
491 3.98662 0.00108432 0.00108432
492 3.98662 0.000712597 0.000712597
493 3.98662 0.000854285 0.0010008
494 3.98662 0.000784666 0.000813596
495 3.98662 0.000713128 0.000769724
496 3.98662 0.00350609 0.0186782
497 3.98662 0.0028886 0.0028886
498 3.98662 0.00138284 0.00148386
499 3.98662 0.000573617 0.000573617
500 3.98662 0.000892055 0.00132049
501 3.98662 0.000892394 0.000927129
502 3.98662 0.00140504 0.0019655
503 3.98662 0.00137553 0.00137553
504 3.98662 0.000703814 0.000703814
505 3.98662 0.000446605 0.000446605
506 3.98662 0.000957787 0.00206628
507 3.98662 0.00100947 0.00109965
508 3.98662 0.000636438 0.000674305
509 3.98662 0.000404459 0.000404459
510 3.98662 0.000636475 0.00118605
511 3.98662 0.00172441 0.00871097
512 3.98662 0.00250024 0.00634622
513 3.98662 0.00104746 0.00169031
514 3.98662 0.00145701 0.00311133
515 3.98662 0.00152546 0.001586
516 3.98662 0.000913024 0.000913024
517 3.98662 0.000581225 0.000581225
518 3.98662 0.00072098 0.000892405
519 3.98662 0.000694953 0.000721243
520 3.98662 0.000798287 0.000887253
521 3.98662 0.000947496 0.00108596
522 3.98662 0.0014209 0.00228048
523 3.98662 0.00126567 0.00126304
524 3.98662 0.00196965 0.00263898
525 3.98662 0.00182626 0.00182626
526 3.98662 0.000919585 0.00102141
527 3.98662 0.000420362 0.000420362
528 3.98662 0.000736906 0.00141118
529 3.98662 0.000624653 0.000652573
530 3.98662 0.00134411 0.00275899
