1 19192 16397.1 16397.1
2 9241.52 10505.9 8218.45
3 9282.6 10537.8 10525.9
4 470.756 1518.67 901.243
5 27.763 156.013 118.578
6 22.3047 150.824 143.001
7 21.7481 109.958 109.958
8 18.382 87.0986 102.164
9 17.6959 91.1157 91.8373
10 16.351 76.8596 80.3227
11 16.3535 76.9581 76.9168
12 15.6279 66.7732 69.6098
13 15.6296 66.8464 66.819
14 14.8272 56.6025 59.7744
15 14.828 56.6646 56.6486
16 14.2629 48.4816 53.6365
17 14.2632 48.5244 48.5193
18 13.7055 40.7882 46.6846
19 13.6978 48.5794 49.5087
20 12.9043 33.7021 43.4653
21 12.6162 109.786 343.291
22 8.3207 24.046 24.046
23 8.14341 30.9333 47.5287
24 8.14338 31.0756 31.0756
25 7.86775 13.8266 8.53016
26 7.86779 13.8331 13.8316
27 7.80528 6.16687 4.88588
28 7.80465 7.05437 7.08423
29 7.78581 3.03058 3.05856
30 7.77916 5.03974 6.44789
31 7.76764 2.54549 3.14816
32 7.74941 2.81712 5.11153
33 7.74414 3.38824 6.046
34 7.73365 4.42757 16.0821
35 7.7335 4.26814 4.26814
36 7.72802 2.13626 1.74859
37 7.728 2.22264 2.22407
38 7.72628 1.12154 1.10288
39 7.72591 1.55777 1.7029
40 7.72497 0.738313 0.853504
41 7.72123 4.78795 32.3665
42 7.60331 13.492 347.109
43 7.55461 15.5049 70.2333
44 7.48039 10.208 57.2101
45 7.47905 11.615 14.7574
46 7.41272 7.41584 10.2108
47 7.38436 8.4024 20.1611
48 7.38439 8.4021 8.4021
49 7.31784 10.2574 16.1843
50 7.24226 2.71719 2.91031
51 7.23954 5.66651 10.9732
52 7.22379 13.521 70.7426
53 7.18814 19.494 49.3117
54 7.03803 11.012 29.3163
55 6.84046 17.807 37.6781
56 6.70444 10.7766 27.1161
57 6.58928 20.5657 58.2965
58 6.44279 8.64607 30.9961
59 6.4309 12.8021 25.6783
60 6.38227 7.80705 19.7264
61 6.37692 11.1505 16.7772
62 6.3252 6.05893 10.6039
63 6.15336 40.378 413.315
64 5.98122 38.7922 38.8951
65 5.3555 16.1163 16.678
66 5.24424 8.89157 7.5339
67 5.21651 6.05844 6.22575
68 5.18085 1.79642 1.93288
69 4.93698 13.9795 116.147
70 4.82431 16.8539 127.817
71 4.74213 12.8574 12.8574
72 4.63925 12.7973 17.4593
73 4.60343 36.1646 98.7557
74 3.97126 6.73454 6.73454
75 3.9376 5.05978 6.12373
76 3.86038 14.6483 39.0142
77 3.75432 2.99524 5.68593
78 3.75432 2.99511 2.99511
79 3.74848 5.44839 11.1384
80 3.74699 7.7916 10.2868
81 3.69006 2.69451 4.48336
82 3.63575 4.57994 14.0967
83 3.62307 2.96074 11.0753
84 3.62183 4.48061 9.91382
85 3.61019 3.96601 10.867
86 3.57353 17.4221 168.913
87 3.29002 18.1763 40.4157
88 3.13587 19.3505 68.2049
89 3.13028 24.4993 36.5972
90 2.8676 6.48225 8.17448
91 2.80134 6.37928 8.41316
92 2.7895 8.57001 19.7253
93 2.7895 8.66288 8.66544
94 2.75659 3.34359 3.49106
95 2.74054 3.43947 4.17812
96 2.73144 7.77646 23.3846
97 2.72071 10.9335 18.007
98 2.66253 2.40243 3.63106
99 2.65639 6.77878 30.927
100 2.65588 6.90095 6.9441
101 2.64065 9.85986 16.3951
102 2.64067 9.8583 9.8583
103 2.60202 4.20575 4.17751
104 2.59182 3.76598 3.80857
105 2.58588 1.97385 2.18342
106 2.57264 6.33493 20.2859
107 2.55932 7.8698 27.2792
108 2.36339 8.89335 10.324
109 2.29214 9.53938 15.7665
110 2.22237 3.73879 3.75659
111 2.20583 8.00958 18.7651
112 2.17822 9.04799 10.7284
113 2.14547 5.67118 6.94066
114 2.09468 7.3211 11.7233
115 2.0808 6.12098 7.11904
116 1.98985 5.67455 10.8538
117 1.98623 5.22844 5.59649
118 1.90082 3.30785 4.78722
119 1.68718 15.4641 106.933
120 1.51552 5.7766 5.80929
121 1.48162 11.897 27.245
122 1.4735 10.3343 10.3343
123 1.43745 6.67656 7.29676
124 1.41806 9.4683 10.8654
125 1.38799 4.45046 5.31296
126 1.38617 7.42741 9.39022
127 1.36131 3.62671 5.05947
128 0.964534 9.27787 37.0913
129 0.769751 4.66011 9.257
130 0.764088 7.39249 34.0259
131 0.764127 7.40454 7.39609
132 0.747462 3.80733 3.2327
133 0.747319 4.55444 4.59537
134 0.738942 2.18599 2.47944
135 0.723164 7.47603 23.8625
136 0.705752 8.85094 42.1177
137 0.678841 11.9348 25.1532
138 0.614701 4.4405 7.22612
139 0.601192 4.36921 8.86677
140 0.596896 5.92044 7.75089
141 0.54512 6.69402 14.4654
142 0.531362 4.93777 5.04474
143 0.523829 8.63875 17.406
144 0.523836 8.63896 8.63894
145 0.496153 3.48767 3.15226
146 0.491691 4.2373 4.4342
147 0.483703 1.95005 2.21209
148 0.476 5.79804 19.3547
149 0.47404 6.23761 7.53399
150 0.448885 5.33471 8.58527
151 0.448892 5.33472 5.33472
152 0.431678 4.74807 6.01737
153 0.430708 3.76867 3.66378
154 0.428471 4.87303 6.94679
155 0.428475 4.87548 4.87505
156 0.420249 1.89767 1.45238
157 0.419974 3.06006 3.34289
158 0.417787 3.74158 7.13719
159 0.41779 3.74492 3.74413
160 0.412706 1.52801 1.3371
161 0.412335 4.72306 9.93985
162 0.395345 3.12624 7.29102
163 0.364451 4.16506 21.3044
164 0.284587 6.28498 25.4583
165 0.257323 4.36781 17.8849
166 0.249005 5.792 15.1339
167 0.189977 5.97012 22.7407
168 0.132708 9.1126 55.4466
169 0.055706 6.4291 15.4084
170 0.0481927 6.04444 23.8878
171 0.0482083 6.04751 6.04621
172 0.0303819 0.353889 0.353901
173 0.029742 1.25326 4.6088
174 0.0289462 1.38348 1.53703
175 0.0283366 0.994105 1.08569
176 0.0283369 0.994515 0.994396
177 0.0278022 0.740442 0.809745
178 0.0277476 1.15653 1.34288
179 0.0264776 0.459233 0.676354
180 0.0253642 1.33564 6.17356
181 0.0251684 0.602283 0.602283
182 0.0248425 0.554215 0.751596
183 0.0226447 1.04621 2.3569
184 0.0219645 0.509113 1.40793
185 0.0219643 0.517469 0.517986
186 0.0218143 0.399811 0.456397
187 0.0218041 0.860389 1.39969
188 0.0208409 0.787421 2.33838
189 0.0193893 0.987989 1.9845
190 0.0189415 0.772742 2.18713
191 0.0189415 0.773048 0.773043
192 0.0186342 0.65178 0.770303
193 0.0186065 1.06661 1.31354
194 0.0175456 0.429979 0.669219
195 0.0171153 1.05278 4.50932
196 0.0169693 1.19459 1.59966
197 0.0163099 0.265578 0.265578
198 0.0159372 0.997078 3.87295
199 0.0157497 1.05615 1.13201
200 0.0156265 0.976341 1.14431
201 0.015627 0.976959 0.976646
202 0.0153594 0.907038 1.02376
203 0.0153597 0.907578 0.907416
204 0.0151248 0.847936 0.966104
205 0.015125 0.84844 0.848297
206 0.0149187 0.796328 0.913673
207 0.0149188 0.796797 0.79667
208 0.0147338 0.750039 0.865027
209 0.014734 0.75048 0.750366
210 0.0145686 0.707972 0.820271
211 0.0145688 0.708385 0.708283
212 0.0144185 0.669063 0.7782
213 0.0144186 0.669451 0.669361
214 0.0142827 0.632911 0.739165
215 0.0142828 0.633273 0.633193
216 0.0141582 0.598962 0.702306
217 0.0141582 0.599301 0.599232
218 0.0140445 0.567096 0.667999
219 0.0140445 0.567411 0.567354
220 0.0139394 0.536993 0.635584
221 0.0139395 0.537287 0.53724
222 0.0138427 0.508635 0.605392
223 0.0138427 0.508906 0.508869
224 0.0137527 0.48181 0.576894
225 0.0137528 0.482061 0.482034
226 0.0136693 0.456529 0.550355
227 0.0136693 0.45676 0.456742
228 0.0135911 0.432638 0.525342
229 0.0135911 0.432849 0.432841
230 0.0135179 0.410148 0.502056
231 0.0135179 0.41034 0.41034
232 0.0134489 0.388937 0.480135
233 0.0134485 0.43214 0.435262
234 0.0133477 0.365373 0.471699
235 0.0133307 0.616001 0.817312
236 0.0129764 0.277243 0.499972
237 0.0118076 0.354136 1.19751
238 0.0117501 0.66354 5.0403
239 0.0117464 0.745867 1.02643
240 0.011416 0.593588 1.09995
241 0.0113236 1.29651 3.189
242 0.00975954 1.53522 7.9912
243 0.00959873 2.19411 5.49282
244 0.00796191 1.53453 6.05308
245 0.00796291 1.53525 1.53495
246 0.00760263 1.36702 1.29113
247 0.00760402 1.3681 1.36729
248 0.00731207 1.21761 1.15701
249 0.00731315 1.21855 1.21787
250 0.00706677 1.08382 1.03756
251 0.0070676 1.08466 1.08407
252 0.00686647 0.965171 0.932812
253 0.00686711 0.965901 0.965405
254 0.00669686 0.859175 0.83863
255 0.00669734 0.859814 0.859398
256 0.00655631 0.765227 0.755999
257 0.00655667 0.765784 0.76544
258 0.00643651 0.681495 0.682025
259 0.00643678 0.681979 0.681698
260 0.00633566 0.607355 0.617121
261 0.00633585 0.607773 0.607548
262 0.00624884 0.54144 0.559246
263 0.00624898 0.5418 0.541625
264 0.00617449 0.483164 0.508479
265 0.00617459 0.483472 0.48334
266 0.00610967 0.4315 0.463351
267 0.00610973 0.431761 0.431667
268 0.00605315 0.385923 0.42375
269 0.00605319 0.386142 0.38608
270 0.00600312 0.345654 0.388599
271 0.00600315 0.345837 0.345802
272 0.00595869 0.310241 0.357684
273 0.0059587 0.310391 0.310377
274 0.00591873 0.279088 0.330192
275 0.0059187 0.286479 0.286613
276 0.00587867 0.251665 0.307664
277 0.00587466 0.343572 0.375537
278 0.00578008 0.21133 0.311717
279 0.00554559 0.568765 1.61419
280 0.0053069 0.288723 1.07818
281 0.00527465 0.426804 0.874051
282 0.00518077 0.346388 0.939351
283 0.00514637 0.734159 2.41591
284 0.00458627 0.917244 6.44215
285 0.00412093 1.79747 12.3328
286 0.00142683 0.712828 6.63416
287 0.000722154 1.14464 7.84234
288 0.000361437 0.690971 7.5033
289 0.000361745 0.691246 0.691076
290 0.000245503 0.523517 0.401353
291 0.000245704 0.52387 0.52361
292 0.000178608 0.397061 0.306785
293 0.000178723 0.397325 0.397134
294 0.000139268 0.301335 0.235454
295 0.000139332 0.301534 0.301393
296 0.000116169 0.229245 0.182381
297 0.000116205 0.229394 0.229292
298 0.000102277 0.174893 0.1427
299 0.000102296 0.175004 0.174933
300 9.37908e-05 0.134127 0.113455
301 9.38014e-05 0.134209 0.134161
302 8.84254e-05 0.103635 0.0919346
303 8.84308e-05 0.103695 0.103665
304 8.49092e-05 0.0810082 0.076275
305 8.49118e-05 0.0810513 0.0810346
306 8.24893e-05 0.0643579 0.0648716
307 8.24903e-05 0.0643883 0.0643811
308 8.0738e-05 0.0522639 0.0565571
309 8.07381e-05 0.0522848 0.0522836
310 7.94019e-05 0.043598 0.0504114
311 7.93237e-05 0.0581854 0.0619492
312 7.66674e-05 0.0347274 0.0480126
313 7.41795e-05 0.0733218 0.16917
314 6.96459e-05 0.0229935 0.0441707
315 6.92261e-05 0.0203536 0.0363381
316 6.86865e-05 0.0322397 0.106494
317 6.76624e-05 0.0940708 0.734957
318 6.37614e-05 0.0794347 0.461337
319 6.31426e-05 0.0673467 0.373638
320 6.09195e-05 0.0968771 0.546996
321 5.21182e-05 0.132013 1.3898
322 4.58216e-05 0.223682 2.21011
323 1.91446e-05 0.0916783 1.00679
324 1.90683e-05 0.0790429 0.0790429
325 1.69288e-05 0.0621325 0.0600884
326 1.693e-05 0.0621644 0.0621538
327 1.54073e-05 0.0491939 0.0506092
328 1.54077e-05 0.0492156 0.049212
329 1.4284e-05 0.0393348 0.0432269
330 1.42776e-05 0.0427757 0.042945
331 1.31575e-05 0.0316051 0.0377887
332 1.27726e-05 0.0613993 0.0929669
333 9.40341e-06 0.0161658 0.0300694
334 8.56627e-06 0.0124738 0.029065
335 8.53834e-06 0.0088558 0.024978
336 8.53835e-06 0.00885683 0.00885667
337 8.49864e-06 0.0085185 0.0110227
338 8.48609e-06 0.0146946 0.0201378
339 8.40996e-06 0.0237868 0.0773555
340 8.41008e-06 0.0238024 0.023799
341 8.12171e-06 0.00354753 0.00354753
342 7.92513e-06 0.0321287 0.292741
343 7.54318e-06 0.0543071 0.347464
344 5.62971e-06 0.0265905 0.22997
345 5.55625e-06 0.0315894 0.0698198
346 5.16538e-06 0.0282065 0.0931237
347 5.16539e-06 0.0282185 0.0282184
348 4.86167e-06 0.0265518 0.032154
349 4.86169e-06 0.0265641 0.0265637
350 4.59778e-06 0.0251396 0.030494
351 4.5978e-06 0.0251516 0.0251511
352 4.36701e-06 0.0238989 0.028966
353 4.36704e-06 0.0239106 0.0239099
354 4.1643e-06 0.0227826 0.0275461
355 4.16434e-06 0.0227941 0.0227931
356 3.98557e-06 0.0217597 0.0262175
357 3.98562e-06 0.0217709 0.0217697
358 3.8276e-06 0.0208101 0.0249695
359 3.82765e-06 0.0208212 0.0208197
360 3.68763e-06 0.0199204 0.0237935
361 3.68769e-06 0.0199312 0.0199295
362 3.56341e-06 0.0190814 0.0226838
363 3.56348e-06 0.0190921 0.0190901
364 3.45297e-06 0.0182869 0.0216351
365 3.45304e-06 0.0182973 0.0182951
366 3.35464e-06 0.0175322 0.0206437
367 3.35471e-06 0.0175424 0.01754
368 3.26693e-06 0.0168138 0.0197057
369 3.267e-06 0.0168238 0.0168213
370 3.18861e-06 0.0161292 0.0188183
371 3.18868e-06 0.016139 0.0161363
372 3.11852e-06 0.0154759 0.0179783
373 3.11859e-06 0.0154855 0.0154827
374 3.05572e-06 0.0148523 0.0171834
375 3.05579e-06 0.0148616 0.0148587
376 2.99932e-06 0.0142565 0.0164308
377 2.99939e-06 0.0142656 0.0142626
378 2.94859e-06 0.0136873 0.0157186
379 2.94866e-06 0.0136961 0.013693
380 2.90285e-06 0.0131431 0.0150443
381 2.90292e-06 0.0131517 0.0131486
382 2.86154e-06 0.0126228 0.0144062
383 2.8616e-06 0.0126312 0.012628
384 2.82411e-06 0.0121253 0.0138021
385 2.82417e-06 0.0121334 0.0121302
386 2.79014e-06 0.0116494 0.0132304
387 2.7902e-06 0.0116573 0.0116542
388 2.75921e-06 0.0111942 0.0126892
389 2.75926e-06 0.0112018 0.0111987
390 2.73099e-06 0.0107588 0.0121771
391 2.73103e-06 0.0107661 0.0107631
392 2.70514e-06 0.0103421 0.0116924
393 2.70518e-06 0.0103492 0.0103463
394 2.68141e-06 0.00994351 0.0112338
395 2.68145e-06 0.00995034 0.00994748
396 2.65954e-06 0.00956207 0.0107998
397 2.65958e-06 0.00956865 0.00956588
398 2.63934e-06 0.00919707 0.0103891
399 2.63937e-06 0.00920341 0.00920074
400 2.6206e-06 0.0088478 0.0100005
401 2.62063e-06 0.00885389 0.00885133
402 2.60316e-06 0.00851357 0.00963291
403 2.60319e-06 0.00851943 0.00851699
404 2.58689e-06 0.00819374 0.00928504
405 2.58691e-06 0.00819935 0.00819705
406 2.57164e-06 0.00788769 0.00895595
407 2.57166e-06 0.00789308 0.00789091
408 2.5573e-06 0.00759485 0.00864455
409 2.55732e-06 0.0076 0.00759797
410 2.54378e-06 0.00731465 0.00834996
411 2.5438e-06 0.00731958 0.00731769
412 2.53098e-06 0.00704657 0.00807119
413 2.53099e-06 0.00705127 0.00704953
414 2.51882e-06 0.0067901 0.00780742
415 2.51883e-06 0.00679458 0.006793
416 2.50723e-06 0.00654477 0.00755775
417 2.50725e-06 0.00654903 0.00654759
418 2.49616e-06 0.00631011 0.00732145
419 2.49617e-06 0.00631417 0.00631288
420 2.48555e-06 0.00608569 0.00709771
421 2.48556e-06 0.00608954 0.0060884
422 2.47534e-06 0.00587109 0.00688583
423 2.47535e-06 0.00587474 0.00587375
424 2.4655e-06 0.00566591 0.00668507
425 2.46551e-06 0.00566936 0.00566851
426 2.45599e-06 0.00546978 0.00649481
427 2.45599e-06 0.00547303 0.00547232
428 2.44677e-06 0.00528231 0.00631436
429 2.44677e-06 0.00528538 0.0052848
430 2.43781e-06 0.00510318 0.00614316
431 2.43782e-06 0.00510606 0.00510561
432 2.4291e-06 0.00493203 0.00598058
433 2.4291e-06 0.00493473 0.00493441
434 2.42059e-06 0.00476855 0.00582609
435 2.42059e-06 0.00477108 0.00477087
436 2.41228e-06 0.00461244 0.00567913
