1 1218.64 27.558 27.558
2 1012.09 5.21068 5.21068
3 1002.42 2.25955 2.25955
4 1000.55 1.06347 1.06347
5 1000.13 0.516932 0.516932
6 1000.03 0.254956 0.254956
7 1000.01 0.126622 0.126622
8 1000 0.0631001 0.0631001
9 1000 0.0314976 0.0314976
10 1000 0.0157357 0.0157357
11 1000 0.00786459 0.00786459
12 1000 0.00393148 0.00393148
13 1000 0.00196554 0.00196554
14 1000 0.000982718 0.000982718
15 1000 0.000491346 0.000491346
16 1000 0.00024567 0.00024567
17 1000 0.000122834 0.000122834
18 1000 6.14169e-05 6.14169e-05
19 1000 3.07084e-05 3.07084e-05
