1 19192 16397.1 16397.1
2 9241.52 10505.9 5412.32
3 1555.23 3579.53 3676.3
4 692.758 1833.56 2131.16
5 222.582 632.818 392.56
6 119.594 186.764 164.749
7 110.81 166.345 167.485
8 100.932 547.83 1797.39
9 92.218 408.558 1028.17
10 71.3592 184.066 247.915
11 46.2071 78.3383 88.5972
12 41.6888 188.402 516.095
13 3.52526 25.7373 22.5295
14 3.24656 15.1218 17.6194
15 2.48198 45.803 165.987
16 0.849335 39.5005 129.021
17 0.347689 11.1579 12.8491
18 0.310713 4.88859 4.90215
19 0.293374 6.25736 9.66019
20 0.172988 15.1758 58.5135
21 0.056126 2.27126 1.48188
22 0.0542664 2.28214 2.36672
23 0.032275 6.42126 19.2408
24 0.00965596 1.40778 1.46741
25 0.00894265 0.598512 0.603031
26 0.008743 1.92983 6.10663
27 0.00857922 2.34086 9.25551
28 0.00483791 1.2975 2.98821
29 0.00451824 0.345672 0.279349
30 0.00447594 0.414726 0.488683
31 0.00362177 1.11331 3.66327
32 0.003119 0.42514 0.537474
33 0.00307241 0.190239 0.22155
34 0.00305385 0.270803 0.450057
35 0.0030295 0.67486 2.8215
36 0.00289149 0.861709 4.59914
37 0.00281359 0.548678 1.9337
38 0.00275242 0.274745 0.543037
39 0.00274002 0.275331 0.53695
40 0.00272785 0.389311 1.1271
41 0.00252112 0.868761 5.65398
42 0.00195677 1.07697 8.74931
43 0.00151828 0.423192 1.39306
44 0.00148714 0.220633 0.383066
45 0.00144517 0.363699 1.09138
46 0.00130303 0.990991 8.08644
47 0.0011155 1.27653 13.4579
48 0.000571455 0.389656 1.29667
49 0.000532203 0.196334 0.348654
50 0.00049452 0.531629 2.56508
51 0.000262312 0.685929 4.30736
52 6.66732e-05 0.250606 0.628424
53 4.56172e-05 0.0704372 0.064782
54 4.14917e-05 0.103743 0.158601
55 2.63163e-05 0.198119 0.585796
56 9.95781e-06 0.0714606 0.0951304
57 8.45375e-06 0.0214811 0.0183764
58 8.29563e-06 0.0397204 0.059995
59 7.72293e-06 0.0724039 0.206992
60 4.59584e-06 0.0278839 0.0378394
61 4.35407e-06 0.00750488 0.00661859
62 4.30841e-06 0.00803992 0.0111066
63 4.05037e-06 0.0173302 0.0545136
64 3.74654e-06 0.0131391 0.0313564
65 3.71626e-06 0.00625731 0.00885419
66 3.69997e-06 0.00486015 0.00721153
67 3.66743e-06 0.0113329 0.0398876
68 3.62691e-06 0.0297683 0.27506
69 3.56568e-06 0.0382139 0.453884
70 3.31948e-06 0.0291006 0.264823
71 3.14647e-06 0.0131415 0.0550654
72 3.11459e-06 0.00876495 0.0257834
73 3.09029e-06 0.0112065 0.0428176
74 3.0664e-06 0.0251431 0.215445
75 3.05112e-06 0.0439356 0.658095
76 2.85334e-06 0.0629762 1.35248
77 2.419e-06 0.0540111 0.995752
78 2.16767e-06 0.0246196 0.20699
79 2.12858e-06 0.0178534 0.110292
80 2.09523e-06 0.0117419 0.0475126
81 2.0852e-06 0.0135339 0.064172
82 2.00253e-06 0.0276619 0.268356
83 1.86991e-06 0.0432384 0.656407
84 1.45305e-06 0.047778 0.802041
85 1.19276e-06 0.0312414 0.34369
86 1.12479e-06 0.012431 0.0544629
87 1.12164e-06 0.00683609 0.0166576
88 1.11672e-06 0.00601276 0.0138748
89 1.10331e-06 0.00828357 0.0273408
90 1.06292e-06 0.0167217 0.111936
91 1.00022e-06 0.0221131 0.196378
92 9.22566e-07 0.0169572 0.116471
93 8.88502e-07 0.00636634 0.0166254
94 8.87129e-07 0.00291893 0.00362371
95 8.86249e-07 0.0024574 0.00332484
96 8.83877e-07 0.00335497 0.00694275
97 8.74326e-07 0.00669889 0.0283742
98 8.47156e-07 0.0106505 0.0720171
99 8.29689e-07 0.00856955 0.047319
100 8.17673e-07 0.00388178 0.0100534
101 8.15973e-07 0.0023083 0.00389319
102 8.15586e-07 0.00270116 0.00520973
103 8.14932e-07 0.00415011 0.0126723
104 7.98561e-07 0.0107051 0.0846094
105 7.21627e-07 0.0172283 0.21978
106 6.19021e-07 0.00932985 0.0642938
107 6.12876e-07 0.00642013 0.0309916
108 6.06986e-07 0.00634079 0.0300768
109 6.00243e-07 0.00911053 0.0627016
110 3.04047e-07 0.0193895 0.284607
111 7.75908e-08 0.00890562 0.0602538
112 5.97033e-08 0.00240073 0.00475655
113 5.81712e-08 0.00119016 0.00143544
114 5.62545e-08 0.00203662 0.0046242
115 4.83283e-08 0.0019787 0.00481736
116 4.57138e-08 0.00104769 0.00146987
117 4.521e-08 0.000526526 0.000559822
118 4.50624e-08 0.000432855 0.000478402
119 4.46491e-08 0.000864129 0.00203393
120 4.34436e-08 0.00180677 0.00892009
121 4.2469e-08 0.00181176 0.008997
122 4.20738e-08 0.00125757 0.00435212
123 4.1282e-08 0.00194552 0.0104917
124 3.59488e-08 0.00410342 0.0467277
125 1.74641e-08 0.00315683 0.0278031
126 1.48059e-08 0.00260615 0.0189
127 1.33264e-08 0.00192591 0.0104101
128 1.23055e-08 0.00125902 0.00446085
129 1.15534e-08 0.000783162 0.00187991
130 1.10121e-08 0.00064179 0.00140206
131 1.0755e-08 0.00162191 0.00886823
132 1.06827e-08 0.00156008 0.00832406
133 1.04937e-08 0.000418767 0.000523147
134 1.04851e-08 0.000305309 0.000400507
135 1.04688e-08 0.000242476 0.000231627
136 1.04527e-08 0.000401038 0.000720725
137 1.03167e-08 0.00122359 0.00665128
138 1.02882e-08 0.000985587 0.00439056
139 1.01308e-08 0.000454894 0.00100499
140 1.00908e-08 0.000317305 0.000576607
141 1.00523e-08 0.000411068 0.00102209
142 9.98774e-09 0.000903997 0.0049548
143 9.87902e-09 0.00153583 0.0143347
144 9.34506e-09 0.00213095 0.0276391
145 8.49844e-09 0.00185941 0.0211261
146 7.8088e-09 0.00100585 0.00623356
147 7.67624e-09 0.000566061 0.00200976
148 7.62491e-09 0.000477431 0.00149745
149 7.54576e-09 0.00065065 0.00282286
150 7.3784e-09 0.00104051 0.00729871
151 6.9834e-09 0.00293029 0.057835
152 6.94583e-09 0.00309573 0.0646121
153 5.09537e-09 0.00240139 0.0389339
154 4.64408e-09 0.000992601 0.00664434
155 4.59602e-09 0.000740312 0.00376234
156 4.53762e-09 0.000546342 0.0020469
157 4.50982e-09 0.000656713 0.00301471
158 4.28263e-09 0.00139361 0.0135967
159 3.90189e-09 0.00220426 0.0340523
160 3.20338e-09 0.00236465 0.0391931
161 2.82856e-09 0.00189696 0.025296
162 2.58363e-09 0.000632665 0.00278017
163 2.57621e-09 0.000505636 0.0018306
164 2.54626e-09 0.000362046 0.000951488
165 2.52912e-09 0.000399886 0.00122017
166 2.50945e-09 0.000863053 0.005642
167 2.50207e-09 0.00095476 0.00696762
168 2.37842e-09 0.00145522 0.0161419
169 2.36928e-09 0.00138241 0.0146209
170 2.14753e-09 0.000940574 0.00683865
171 2.03693e-09 0.000534768 0.00227236
172 2.00404e-09 0.000308207 0.000810413
173 1.99273e-09 0.00020878 0.000428292
174 1.98854e-09 0.000194003 0.000356897
175 1.98707e-09 0.000224167 0.000521372
176 1.96367e-09 0.000371562 0.00148056
177 1.91785e-09 0.00077576 0.00643815
178 1.90955e-09 0.000825562 0.00731754
179 1.89019e-09 0.000556107 0.00330495
180 1.88477e-09 0.000463981 0.00234256
181 1.86899e-09 0.000246487 0.000674621
182 1.8666e-09 0.000166062 0.00032139
183 1.86487e-09 0.000142953 0.000265899
184 1.8633e-09 0.000174836 0.000395573
185 1.86179e-09 0.000215629 0.00063428
186 1.84827e-09 0.000401958 0.00221597
187 1.8308e-09 0.000589235 0.00478229
188 1.77916e-09 0.000740308 0.00757272
189 1.73066e-09 0.000660372 0.00602809
190 1.71726e-09 0.000493796 0.00338627
191 1.70499e-09 0.000313508 0.00137887
192 1.70035e-09 0.00021016 0.000633222
193 1.69768e-09 0.000169957 0.000434701
194 1.69473e-09 0.000165711 0.000447431
195 1.68935e-09 0.00021555 0.000773215
196 1.68464e-09 0.00032571 0.00177439
197 1.68076e-09 0.000515094 0.00443783
198 1.66983e-09 0.000665104 0.00741912
199 1.60863e-09 0.000912862 0.0139898
200 1.53331e-09 0.000964456 0.0156462
201 1.48056e-09 0.000708264 0.00842138
202 1.47698e-09 0.000657332 0.00728412
203 1.44788e-09 0.00036852 0.00229186
204 1.44323e-09 0.000305262 0.0016031
205 1.43543e-09 0.000225015 0.00088064
206 1.43281e-09 0.000226612 0.000907839
207 1.42784e-09 0.000262765 0.00125057
208 1.41098e-09 0.000389103 0.00276773
209 1.37702e-09 0.000604681 0.006709
210 1.29925e-09 0.000912845 0.0153124
211 1.17958e-09 0.00122548 0.0276065
212 1.0958e-09 0.00122817 0.0277433
213 1.01226e-09 0.000950387 0.0166218
214 1.00146e-09 0.000582804 0.00624679
215 9.95232e-10 0.000462108 0.00394746
216 9.89248e-10 0.00027387 0.00137883
217 9.88021e-10 0.000250773 0.00117813
218 9.81712e-10 0.000246581 0.00116088
219 9.77804e-10 0.000353175 0.00237365
220 9.75697e-10 0.000411264 0.00324101
221 9.41251e-10 0.000630347 0.00763498
222 8.68886e-10 0.000930553 0.0166567
223 7.95654e-10 0.00120326 0.0278506
224 7.82871e-10 0.00117225 0.0264367
225 7.37064e-10 0.00102979 0.0204266
226 6.82279e-10 0.000602041 0.00697852
227 6.75827e-10 0.00047645 0.00438882
228 6.72047e-10 0.000267269 0.00136992
