1 860 31.3949 31.3949
2 545.127 6.76307 6.08097
3 514.322 3.58694 5.24248
4 504.3 1.29178 1.51872
5 502.877 0.940433 1.64088
6 501.812 0.56656 1.07919
7 501.361 0.435217 0.997846
8 501.053 0.30775 0.756047
9 500.885 0.236968 0.637682
10 500.778 0.192662 0.571758
11 500.701 0.150021 0.46365
12 500.653 0.124305 0.412531
13 500.617 0.103956 0.366372
14 500.591 0.0861112 0.315404
15 500.573 0.0742758 0.288666
16 500.558 0.0634603 0.2566
17 500.548 0.0546329 0.22923
18 500.539 0.048261 0.212765
19 500.532 0.0420285 0.190786
20 500.527 0.0371238 0.174526
21 500.523 0.0332952 0.163085
22 500.52 0.0294826 0.147923
23 500.517 0.0265291 0.137584
24 500.514 0.0240402 0.12895
25 500.512 0.0215858 0.118263
26 500.511 0.0196927 0.111312
27 500.509 0.0179907 0.104578
28 500.508 0.0163432 0.0968706
29 500.507 0.0150638 0.0919243
30 500.507 0.0138542 0.0865552
31 500.506 0.0127101 0.0808895
32 500.505 0.0118078 0.0772008
33 500.505 0.0109224 0.0728583
34 500.504 0.0101043 0.0686162
35 500.504 0.00944517 0.0657516
36 500.503 0.00878128 0.0622022
37 500.503 0.0081811 0.0589658
38 500.503 0.00768545 0.0566696
39 500.502 0.00717799 0.0537466
40 500.502 0.00672766 0.0512348
41 500.502 0.00634558 0.0493419
42 500.502 0.00595119 0.0469181
43 500.502 0.00560652 0.0449366
44 500.502 0.00530593 0.043344
45 500.501 0.00499494 0.0413207
46 500.501 0.00472639 0.039733
47 500.501 0.00448574 0.0383701
48 500.501 0.00423735 0.0366705
49 500.501 0.0040247 0.0353786
50 500.501 0.0038292 0.0341977
51 500.501 0.00362851 0.0327617
52 500.501 0.00345762 0.0316946
53 500.501 0.00329675 0.0306605
54 500.501 0.00313291 0.02944
55 500.501 0.00299374 0.0285461
56 500.501 0.00285989 0.027633
57 500.501 0.00272485 0.02659
58 500.501 0.00261011 0.0258307
59 500.501 0.00249764 0.0250188
60 500.5 0.00238536 0.0241222
61 500.5 0.00228968 0.023469
62 500.5 0.00219436 0.022743
63 500.5 0.00210023 0.0219679
64 500.5 0.00201964 0.021399
65 500.5 0.00193821 0.0207465
66 500.5 0.00185869 0.0200726
67 500.5 0.00179015 0.0195715
68 500.5 0.00172011 0.0189825
69 500.5 0.00165245 0.0183934
70 500.5 0.00159365 0.0179474
71 500.5 0.00153302 0.0174137
72 500.5 0.00147506 0.0168957
73 500.5 0.00142421 0.0164949
74 500.5 0.00137142 0.0160098
75 500.5 0.00132145 0.0155518
76 500.5 0.00127716 0.0151886
77 500.5 0.00123095 0.0147462
78 500.5 0.00118761 0.0143391
79 500.5 0.00114878 0.0140075
80 500.5 0.00110814 0.0136031
81 500.5 0.00107033 0.0132392
82 500.5 0.00103608 0.0129345
83 500.5 0.00100017 0.0125639
84 500.5 0.000967018 0.012237
85 500.5 0.000936633 0.0119554
86 500.5 0.000904789 0.0116152
87 500.5 0.000875569 0.0113201
88 500.5 0.000848482 0.0110587
89 500.5 0.000820135 0.0107457
90 500.5 0.000794263 0.0104781
91 500.5 0.000770007 0.0102344
92 500.5 0.000744688 0.00994612
93 500.5 0.000721681 0.00970241
94 500.5 0.000699873 0.00947459
95 500.5 0.000677191 0.00920869
96 500.5 0.000656648 0.00898583
97 500.5 0.000636971 0.00877232
98 500.5 0.000616594 0.00852684
99 500.5 0.000598183 0.00832228
100 500.5 0.000580373 0.00812182
101 500.5 0.000562022 0.007895
102 500.5 0.000545464 0.00770663
103 500.5 0.000529298 0.00751819
104 500.5 0.000512734 0.00730848
105 500.5 0.000497796 0.00713449
106 500.5 0.000483086 0.00695721
107 500.5 0.000468105 0.00676321
108 500.5 0.000454589 0.00660208
109 500.5 0.000441176 0.00643524
110 500.5 0.000427602 0.00625572
111 500.5 0.00041534 0.00610616
112 500.5 0.000403086 0.00594912
113 500.5 0.000390766 0.00578297
114 500.5 0.000379615 0.00564386
115 500.5 0.000368404 0.00549608
116 500.5 0.000357205 0.00534228
117 500.5 0.000347043 0.00521269
118 500.5 0.000336771 0.0050737
119 500.5 0.000326578 0.00493132
120 500.5 0.000317298 0.00481042
121 500.5 0.000307877 0.00467978
122 500.5 0.000298589 0.004548
123 500.5 0.0002901 0.00443508
124 500.5 0.000281451 0.0043124
125 500.5 0.000272979 0.00419042
126 500.5 0.000265202 0.00408488
127 500.5 0.000257256 0.00396979
128 500.5 0.00024952 0.00385691
129 500.5 0.000242385 0.0037582
130 500.5 0.000235081 0.00365035
131 500.5 0.000228012 0.00354592
132 500.5 0.000221458 0.00345356
133 500.5 0.000214742 0.00335263
134 500.5 0.000208277 0.00325605
135 500.5 0.000202252 0.00316963
136 500.5 0.000196075 0.0030753
137 500.5 0.000190159 0.002986
138 500.5 0.000184615 0.00290515
139 500.5 0.000178933 0.00281712
140 500.5 0.000173516 0.00273459
141 500.5 0.000168411 0.00265897
142 500.5 0.000163185 0.00257695
143 500.5 0.000158223 0.00250071
144 500.5 0.000153521 0.00243003
145 500.5 0.000148714 0.00235373
146 500.5 0.000144169 0.00228334
147 500.5 0.000139835 0.00221732
148 500.5 0.000135416 0.00214648
149 500.5 0.00013125 0.00208152
150 500.5 0.000127257 0.00201992
151 500.5 0.000123195 0.00195426
152 500.5 0.000119377 0.00189437
153 500.5 0.000115697 0.00183696
154 500.5 0.000111966 0.00177622
155 500.5 0.000108466 0.00172105
156 500.5 0.000105076 0.00166763
157 500.5 0.000101651 0.00161155
158 500.5 9.84443e-05 0.00156077
159 500.5 9.53227e-05 0.00151115
160 500.5 9.21813e-05 0.0014595
161 500.5 8.92432e-05 0.00141281
162 500.5 8.63706e-05 0.0013668
163 500.5 8.34921e-05 0.00131934
164 500.5 8.08017e-05 0.00127648
165 500.5 7.81605e-05 0.00123391
166 500.5 7.55259e-05 0.0011904
167 500.5 7.30639e-05 0.00115112
168 500.5 7.06382e-05 0.00111184
169 500.5 6.823e-05 0.00107206
170 500.5 6.59789e-05 0.00103611
171 500.5 6.37541e-05 0.000999961
172 500.5 6.15561e-05 0.000963694
173 500.5 5.95001e-05 0.00093087
174 500.5 5.74628e-05 0.000897703
175 500.5 5.54601e-05 0.00086474
176 500.5 5.35847e-05 0.000834836
177 500.5 5.17227e-05 0.000804505
178 500.5 4.99013e-05 0.00077464
179 500.5 4.81934e-05 0.000747467
180 500.5 4.6495e-05 0.000719827
181 500.5 4.4842e-05 0.000692861
182 500.5 4.32894e-05 0.000668238
183 500.5 4.1744e-05 0.000643146
184 500.5 4.02474e-05 0.000618884
185 500.5 3.88388e-05 0.00059664
186 500.5 3.74363e-05 0.000573952
187 500.5 3.60845e-05 0.000552202
188 500.5 3.48096e-05 0.000532173
189 500.5 3.35403e-05 0.000511744
190 500.5 3.23227e-05 0.000492322
191 500.5 3.11716e-05 0.00047435
192 500.5 3.00265e-05 0.000456035
193 500.5 2.89327e-05 0.000438758
194 500.5 2.78963e-05 0.000422692
195 500.5 2.68665e-05 0.000406344
196 500.5 2.58871e-05 0.000391038
197 500.5 2.49566e-05 0.000376731
198 500.5 2.40336e-05 0.000362205
199 500.5 2.31593e-05 0.000348701
200 500.5 2.23266e-05 0.00033601
201 500.5 2.15022e-05 0.000323163
202 500.5 2.07242e-05 0.000311297
203 500.5 1.99814e-05 0.000300087
204 500.5 1.92478e-05 0.000288777
205 500.5 1.85578e-05 0.000278397
206 500.5 1.78974e-05 0.000268535
207 500.5 1.7247e-05 0.000258626
208 500.5 1.66371e-05 0.000249584
209 500.5 1.6052e-05 0.000240946
210 500.5 1.54774e-05 0.000232306
211 500.5 1.49402e-05 0.000224465
212 500.5 1.44235e-05 0.000216933
213 500.5 1.39178e-05 0.000209434
214 500.5 1.3446e-05 0.000202665
215 500.5 1.29914e-05 0.000196126
216 500.5 1.25477e-05 0.000189649
217 500.5 1.21348e-05 0.000183831
218 500.5 1.1736e-05 0.000178178
219 500.5 1.1348e-05 0.000172609
220 500.5 1.09875e-05 0.00016763
221 500.5 1.06385e-05 0.000162762
222 500.5 1.03001e-05 0.000157992
223 500.5 9.98612e-06 0.000153747
224 500.5 9.68129e-06 0.000149568
225 500.5 9.38655e-06 0.000145495
226 500.5 9.11339e-06 0.000141885
227 500.5 8.84737e-06 0.000138303
228 500.5 8.5908e-06 0.000134829
229 500.5 8.35304e-06 0.000131759
230 500.5 8.12068e-06 0.000128684
231 500.5 7.89701e-06 0.000125716
