1 19192 16397.1 16397.1
2 9241.52 10505.9 4793.42
3 8039.72 9583.58 9614.73
4 488.542 588.554 564.055
5 69.1827 271.364 187.062
6 62.2862 192.95 336.799
7 18.9659 130.192 254.283
8 11.7615 40.945 109.802
9 9.65187 56.9241 149.85
10 8.67404 31.9737 54.0696
11 8.1015 19.4739 27.1963
12 8.0593 17.3011 22.008
13 8.01128 12.7767 11.9901
14 7.98698 9.19529 9.23755
15 7.95553 6.51513 3.43338
16 7.93924 7.24003 9.46898
17 7.92123 1.97241 2.5802
18 7.89196 2.6844 3.96725
19 7.89116 1.12045 1.67369
20 7.88606 1.91574 2.86928
21 7.88594 0.840396 1.16561
22 7.87964 1.99122 5.23005
23 7.87713 0.52077 0.8807
24 7.87712 0.250541 0.331328
25 7.8771 0.490331 0.703002
26 7.8769 0.28099 0.360456
27 7.87686 0.22518 0.245378
28 7.87685 0.299369 0.628478
29 7.87683 0.143015 0.191546
30 7.87683 0.108863 0.154573
31 7.87683 0.182411 0.299632
32 7.87681 0.171384 0.280175
33 7.8768 0.0415843 0.0582196
34 7.8768 0.0326976 0.0470481
35 7.8768 0.0543758 0.0986367
36 7.87679 0.0426701 0.0502685
37 7.87679 0.0287822 0.0241003
38 7.87679 0.0278811 0.0325626
39 7.87679 0.0201519 0.0210996
40 7.87679 0.0325589 0.0592996
41 7.87679 0.0447285 0.141933
42 7.87679 0.0425834 0.133269
43 7.87679 0.0781298 0.308927
44 7.87679 0.112815 0.875338
45 7.87677 0.182083 2.10623
46 7.87675 0.315255 6.29573
47 7.87658 0.883013 50.43
48 7.87623 1.2129 71.7347
49 7.87531 1.71983 62.3214
50 7.87134 2.2417 66.3246
51 7.85583 2.28041 88.1084
52 7.85067 4.54394 96.508
53 7.84095 5.80805 36.2383
54 7.82344 11.2286 114.745
55 7.72512 3.43564 83.9888
56 7.70389 5.36187 72.6768
57 7.68243 3.85705 20.7702
58 7.60162 5.17472 14.0768
59 7.33708 4.3946 4.37241
60 7.31223 11.0138 23.145
61 7.23619 9.37933 19.6589
62 6.93695 29.7251 363.107
63 6.66072 20.5349 80.8703
64 6.53924 7.20951 20.4775
65 6.52868 5.77578 5.87612
66 6.47343 9.77629 17.2275
67 6.45348 8.38731 11.9793
68 6.44245 11.4481 26.3313
69 6.34237 20.4209 53.0642
70 6.22179 13.6658 15.429
71 6.12859 13.849 12.6358
72 6.11622 11.0058 11.5192
73 6.04483 10.9021 8.74066
74 6.03764 9.56861 9.53697
75 5.90302 8.86705 11.1398
76 5.87835 5.83334 6.8046
77 5.85387 13.364 27.4671
78 5.83618 16.1242 42.2795
79 5.70256 7.03038 12.0809
80 5.69194 10.4208 18.6207
81 5.61043 7.15551 10.9184
82 5.58571 3.54497 4.4134
83 5.57546 4.33957 5.78532
84 5.56593 7.78768 24.12
85 4.97622 12.5242 114.1
86 4.8238 20.0746 132.074
87 3.98904 15.0724 28.8193
88 3.89941 1.79747 2.5946
89 3.88955 5.74334 16.8838
90 3.6951 25.268 238.472
91 3.49528 20.6312 24.4855
92 3.09909 7.55632 8.40819
93 3.08999 8.8519 8.3474
94 2.94375 10.4215 23.5688
95 2.91046 13.7958 32.0897
96 2.90602 8.39165 8.32931
97 2.89346 11.2072 10.605
98 2.87979 8.57291 8.43617
99 2.83265 10.5751 10.6921
100 2.81572 7.84918 7.79038
101 2.7688 9.03433 9.67057
102 2.75284 6.30136 6.32498
103 2.71414 6.57472 7.10343
104 2.70457 4.69266 4.80863
105 2.67784 4.62912 5.51901
106 2.67051 3.22814 3.55729
107 2.65204 2.99226 4.09677
108 2.64749 3.94848 6.82535
109 2.46056 5.60694 20.9024
110 2.44096 8.98135 35.3977
111 2.35938 11.1529 35.7681
112 2.32105 17.1132 62.8147
113 2.02771 17.3149 19.2808
114 1.82992 22.8956 34.8562
115 1.72989 15.221 19.3984
116 1.72602 15.6901 43.1623
117 1.32783 24.4974 67.3028
118 1.24018 10.3833 18.8216
119 1.15116 5.89115 10.0373
120 1.14157 3.90964 3.95112
121 1.11894 8.94836 14.623
122 1.10661 5.69548 6.07427
123 1.03185 9.53834 17.8052
124 1.01085 5.15975 6.60881
125 0.973578 11.4375 28.5449
126 0.958169 7.93148 11.7077
127 0.925742 10.6004 18.1251
128 0.909524 8.69002 10.8127
129 0.777522 6.00792 7.43635
130 0.762202 3.7554 4.49431
131 0.697134 8.10985 18.5723
132 0.651671 9.02198 26.945
133 0.573549 3.34086 3.5279
134 0.568549 1.78594 1.99873
135 0.560108 2.91595 5.58064
136 0.516148 2.24387 3.61989
137 0.514193 3.02982 5.93071
138 0.491434 7.52546 36.5193
139 0.355561 13.3932 84.7623
140 0.2297 19.0976 159.356
141 0.112486 10.2491 46.4814
142 0.0844591 2.46983 8.48431
143 0.0512298 8.93989 54.0509
144 0.0298727 3.52344 20.5117
145 0.0258313 5.98711 42.4475
146 0.0220837 3.8199 25.3293
147 0.00669368 2.91612 17.1027
148 0.00539558 1.44191 5.86319
149 0.00456697 2.68949 12.6096
150 0.00255229 1.65036 2.48831
151 0.00178056 1.34568 1.60174
152 0.00171709 1.34454 1.93846
153 0.00138803 1.00515 1.02334
154 0.00138803 1.00513 1.43126
155 0.00105613 0.756889 0.835091
156 0.000996624 0.926653 2.7484
157 0.000659537 0.276233 0.568566
158 0.00061876 0.232878 0.45411
159 0.000589632 0.202726 0.319497
160 0.000578683 0.186851 0.254565
161 0.000564511 0.203404 0.523063
162 0.000548609 0.188995 0.467982
163 0.000527722 0.226395 0.984117
164 0.000496882 0.211837 0.892379
165 0.000472907 0.33011 2.04026
166 0.00044604 0.53718 5.16059
167 0.000291894 0.411987 1.58006
168 0.000250413 0.391295 1.45939
169 0.000201029 0.435368 2.7286
170 0.000120624 0.368679 2.19224
171 8.38195e-05 0.307754 1.2012
172 6.73878e-05 0.267758 0.993039
173 5.93546e-05 0.226095 0.285104
174 5.27526e-05 0.201813 0.161455
175 3.7862e-05 0.263874 2.94735
176 1.04581e-05 0.0586974 0.325404
177 7.86692e-06 0.0460382 0.234514
178 7.19278e-06 0.0782692 0.621479
179 3.8343e-06 0.065805 0.286582
180 2.56422e-06 0.0597047 0.253444
181 1.92743e-06 0.0560218 0.153924
182 1.40509e-06 0.0510733 0.132109
183 1.2903e-06 0.0492915 0.100791
184 1.00789e-06 0.0448992 0.0819023
185 9.07232e-07 0.0419303 0.0431441
186 8.81336e-09 0.00191356 0.000444502
187 8.45785e-09 0.00205372 0.0035479
188 7.95466e-09 0.00164678 0.00228155
