1 1218.64 27.558 27.558
2 1012.09 5.21068 2.03619
3 1010.21 4.78434 4.61366
4 1002.62 2.35216 1.2427
5 1002.04 2.07416 1.98637
6 1000.6 1.10773 0.597121
7 1000.46 0.975798 0.931012
8 1000.14 0.538376 0.292288
9 1000.11 0.474258 0.451687
10 1000.04 0.265498 0.144582
11 1000.03 0.233899 0.222574
12 1000.01 0.131848 0.071903
13 1000.01 0.116163 0.110491
14 1000 0.0657012 0.0358548
15 1000 0.0578872 0.0550492
16 1000 0.0327953 0.0179032
17 1000 0.0288954 0.0274758
18 1000 0.0163838 0.0089456
19 1000 0.0144357 0.0137258
20 1000 0.00818848 0.00447129
21 1000 0.00721484 0.00685984
22 1000 0.00409338 0.00223527
23 1000 0.00360667 0.00342916
24 1000 0.00204648 0.00111754
25 1000 0.00180315 0.00171439
26 1000 0.00102318 0.000558747
27 1000 0.000901527 0.000857149
28 1000 0.000511578 0.000279367
29 1000 0.000450752 0.000428563
30 1000 0.000255786 0.000139682
31 1000 0.000225373 0.000214278
32 1000 0.000127892 6.98408e-05
33 1000 0.000112686 0.000107138
34 1000 6.39458e-05 3.49203e-05
