1 1.12232e+06 389043
2 1.00797e+06 389043
3 909213 389043
4 794526 352085
5 690679 327376
6 605104 208244
7 572618 208244
8 521723 208244
9 470443 173926
10 431699 173926
11 387673 173926
12 372680 166283
13 334363 162273
14 300722 108611
15 271668 104208
16 229077 99654.4
17 216379 69279.3
18 182580 63691.4
19 178312 47020.3
20 144006 27261.5
21 106466 27261.5
22 94211.7 25593.2
23 85491.6 25349.6
24 65345.5 25349.6
25 64463.1 25349.6
26 58429.6 25349.6
27 54036 20756.3
28 62982.4 20632.4
29 54596.6 18368.6
30 65625.9 15770.6
31 49354.9 15567.6
32 46308.8 15567.6
33 35378.8 15295.3
34 45237.1 7581.87
35 41302.2 7191.13
36 40297.6 7191.13
37 55241.7 7191.13
38 49911.8 6376.21
39 33872.1 6376.21
40 27039.7 5752.78
41 35374.1 4286.91
42 25139.7 3258.78
43 39051.6 3258.78
44 23725 3258.78
45 29165.7 2968.52
46 27908.5 2522.74
47 36385.8 1098.06
48 18010.2 1098.06
49 25729.3 1098.06
50 16346.5 797.033
51 16078 780.456
52 25208.1 780.456
53 18479.8 750.785
54 28188 525.16
55 27898.1 525.16
56 19338.1 400.27
57 53207.3 400.27
58 40123.8 400.27
59 21700.2 348.508
60 30905 255.862
61 41093.3 255.862
62 32926.6 229.448
63 44832.1 206.75
64 15026.4 206.75
65 18439.6 206.75
66 19172.2 206.75
67 26665.8 206.75
68 24910.3 205.888
69 8218.86 193.921
70 22784.1 193.921
71 33023.1 131.592
72 35654.9 131.592
73 16495.9 118.471
74 26286 114.703
75 13938.1 114.703
76 27720.6 114.703
77 29437.5 68.93
78 19923 68.93
79 14078.2 62.0866
80 10861 62.0866
81 39782.3 62.0866
82 21299.2 62.0866
83 18649.5 62.0866
84 18957.6 57.8731
85 12370.6 57.8731
86 11103 51.1216
87 16019.3 51.1216
88 22855.3 45.1904
89 20868.9 23.9163
90 20049.8 17.4546
91 19387.1 15.6039
92 22181.5 10.3404
93 11203.5 10.3404
94 33358 3.95777
95 16173.1 3.95777
96 19883.8 3.49374
97 39197.3 1.79421
98 11889.7 1.79421
99 18061.4 1.79421
100 24623.6 1.79421
101 12142.5 1.79421
102 37813.7 1.79421
103 18827.1 1.79421
104 26197.8 1.54368
105 30097.9 1.54368
106 20788.2 1.54368
107 15108.3 1.40076
108 26087.5 1.17017
109 23744.1 1.17017
110 32808 1.17017
111 26019.4 1.17017
112 19325.5 1.17017
113 25812.4 1.17017
114 42288 1.17017
115 33765.2 1.16925
116 13444.1 1.16925
117 19814.4 1.16925
118 28919.1 1.16925
119 22305.4 0.842147
120 23864 0.842147
121 28547.3 0.842147
122 17901.1 0.842147
123 25833.5 0.624341
124 23648.8 0.624341
125 36569 0.446727
126 27858.2 0.446727
127 20631.3 0.446727
128 16653.2 0.446727
129 20485.7 0.314963
130 8885.8 0.314963
131 26950.8 0.277831
132 15384.7 0.277831
133 16167.4 0.196693
134 24022.9 0.193173
135 21772 0.193173
136 13013.2 0.193173
137 10802.9 0.193173
138 15853.5 0.188647
139 20570 0.167859
140 14188.4 0.167859
141 19439.8 0.167859
142 19177 0.167859
143 13811.7 0.146234
144 26171.1 0.146234
145 28352.4 0.146234
146 21324.2 0.146234
147 33984.2 0.132613
148 31613.8 0.132613
149 30357.8 0.130141
150 23378.8 0.101348
151 10534.5 0.101348
152 21684.7 0.101348
153 41793.5 0.0433872
154 24149.9 0.0433872
155 6088.87 0.0433872
156 31045.6 0.0433872
157 24507.3 0.0433872
158 22251.1 0.0433872
159 15197.5 0.0417946
160 21316.6 0.0417946
161 7993.75 0.0417946
162 11249.8 0.0417946
163 42108.2 0.0417946
164 21686.5 0.0417946
165 10284.1 0.0353824
166 30121.1 0.0353824
167 19668.9 0.0353824
168 15104.8 0.0317362
169 21828.1 0.0317362
170 36565.9 0.0317362
171 20000.2 0.0283834
172 20284 0.0207558
173 24116.6 0.0207558
174 18718.8 0.0194147
175 22415.5 0.0117033
176 13004.8 0.0117033
177 18156.9 0.0117033
178 20052.3 0.0117033
179 15767.4 0.0117033
180 27008.3 0.0117033
181 20530.9 0.0117033
182 20110.4 0.0117033
183 19409.2 0.0117033
184 14897.3 0.0117033
185 15321.9 0.0117033
186 32833.1 0.0117033
187 33073.1 0.0117033
188 17808.8 0.0117033
189 11350.2 0.0117033
190 20177.3 0.0117033
191 14522.6 0.0104041
192 30387.6 0.0104041
193 29150 0.0104041
194 12038.1 0.0104041
195 18878 0.00889536
196 9960.1 0.00889536
197 21545.1 0.00889536
198 20345.1 0.00889536
199 17773.6 0.00889536
200 18564 0.00889536
201 25750.7 0.00889536
202 14521.4 0.00889536
203 14073.8 0.00889536
204 27878 0.00889536
205 23008.8 0.00889536
206 22378.4 0.00889536
207 25554.1 0.00889536
208 13961.1 0.00889536
209 16126.9 0.00889536
210 21148.7 0.00889536
211 13939 0.00889536
212 21301.4 0.00889536
213 22180.3 0.00889536
214 44505.4 0.00889536
215 32089.7 0.00889536
216 21233.4 0.0086439
217 13285.1 0.0086439
218 12082.2 0.0086439
219 27214.5 0.0086439
220 24291.8 0.0086439
221 18683 0.0086439
222 24649.8 0.0086439
223 20475.6 0.0086439
224 21627 0.0086439
225 14112.3 0.0086439
226 21746.4 0.0086439
227 30432.9 0.0086439
228 19749.9 0.0086439
229 18296.9 0.0086439
230 21876.1 0.0086439
231 18472.5 0.0086439
232 18034.1 0.0086439
233 15414.8 0.0086439
234 14709.4 0.0086439
235 24552 0.0086439
236 20470 0.0086439
237 18843.6 0.0086439
238 34910.3 0.0086439
239 26632.6 0.0086439
240 15990 0.0086439
241 34500.7 0.0086439
242 29496.3 0.0086439
243 30385.6 0.00830862
244 21597.3 0.00830862
245 41630 0.00830862
246 10463.3 0.0081829
247 26757.5 0.0081829
248 31708.1 0.0081829
249 49627.9 0.0081829
250 15945.7 0.0081829
251 15941.1 0.0081829
252 16361.5 0.00788953
253 22151.2 0.00788953
254 28021.8 0.00788953
255 28016.9 0.00788953
256 35364.6 0.00788953
257 20111.3 0.00788953
258 7530.12 0.00788953
259 8317.19 0.00788953
260 19416.3 0.00788953
261 13652 0.00788953
262 17645.1 0.00788953
263 15498.5 0.00788953
264 19176.5 0.00788953
265 17686.7 0.00537494
266 29529.7 0.00537494
267 26880.8 0.00537494
268 23308.1 0.00537494
269 23205.1 0.00537494
270 33434.9 0.00537494
271 11914.7 0.00537494
272 17374.7 0.00537494
273 22790.4 0.00537494
274 19915.4 0.00537494
275 8097.14 0.00537494
276 18888.1 0.00537494
277 21478.2 0.00537494
278 16565 0.00537494
279 25994.3 0.00537494
280 21712.7 0.00537494
281 26627.5 0.00537494
282 26443.9 0.00537494
283 18703.3 0.00537494
284 19735.6 0.00537494
285 28445.1 0.00537494
286 25260.9 0.00537494
287 17886.6 0.00537494
288 19154 0.00537494
289 33690.8 0.00537494
290 14357.6 0.00537494
291 25400.8 0.00537494
292 25000 0.00537494
293 26863.2 0.00537494
294 23723.9 0.00537494
295 19586 0.00537494
296 21582.1 0.00537494
297 14402.9 0.00537494
298 38861 0.00537494
299 23086.4 0.00537494
300 7673.66 0.00537494
301 15921.6 0.00537494
302 28221.4 0.00537494
303 31366.2 0.00537494
304 29977.9 0.00537494
305 25171.1 0.00537494
306 27745.1 0.00537494
307 22091.1 0.00537494
308 32216 0.00537494
309 29582.9 0.00537494
310 35919.2 0.00537494
311 21682.5 0.00386618
312 30850.9 0.00386618
313 21659.9 0.00386618
314 15387.1 0.00386618
315 27772.5 0.00386618
316 25015.8 0.00386618
317 16119.7 0.00386618
318 15063.6 0.00386618
319 31609.2 0.00386618
320 20508.2 0.00386618
321 19166.9 0.00386618
322 14565.6 0.00386618
323 34220.6 0.00386618
324 27530 0.00386618
325 20869.9 0.00386618
326 17570.8 0.00386618
327 30581.7 0.00386618
328 20681.7 0.00386618
329 20929.9 0.00386618
330 20345.8 0.00386618
331 16120.1 0.00386618
332 15337.2 0.00386618
333 28173.1 0.00344708
334 12399.7 0.00344708
335 9375.46 0.00344708
336 25001.5 0.00344708
337 17447.8 0.00344708
338 23920 0.00344708
339 15723 0.00344708
340 17665.9 0.00344708
341 18822.8 0.00344708
342 24337.1 0.00344708
343 27004.6 0.00344708
344 27338.7 0.00344708
345 27438 0.00344708
346 7205.56 0.00344708
347 25780.6 0.00344708
348 16201.1 0.00344708
349 16103.1 0.00344708
350 9460.44 0.00344708
351 23083.5 0.00344708
352 24838.5 0.00344708
353 12307.2 0.00344708
354 37123 0.00344708
355 33747.2 0.00193833
356 28278.4 0.00193833
357 11355 0.00193833
358 33913 0.00193833
359 19125.2 0.00193833
360 25616 0.00193833
361 24447.6 0.00118395
362 14371.8 0.000974404
363 19027.1 0.000974404
364 26594.6 0.000974404
365 18786.6 0.000974404
366 22389.1 0.000974404
367 15868.9 0.000974404
368 11537.5 0.000974404
369 22351.5 0.000974404
370 22045.9 0.000974404
371 9759.9 0.000974404
372 30040.4 0.000974404
373 47372.2 0.000974404
374 41678.9 0.000974404
375 15278.7 0.000974404
376 10069.5 0.000974404
377 29286.3 0.000974404
378 14636.9 0.000974404
379 23907.2 0.000974404
380 37439.3 0.000974404
381 26295.8 0.000974404
382 16335.9 0.000974404
383 23819.3 0.000974404
384 17765.8 0.000974404
385 34738.6 0.000974404
386 23420.2 0.000974404
387 17242.4 0.000974404
388 17359.1 0.000974404
389 8213.57 0.000974404
390 27384.7 0.000974404
391 32968.6 0.000974404
392 27485.9 0.000974404
393 37401.1 0.000974404
394 22588.2 0.000681035
395 13962.7 0.000681035
396 27283.3 0.000681035
397 10845.7 0.000681035
398 20732.3 0.000681035
399 24307.6 0.000681035
400 16803.1 0.000681035
401 25354.6 0.000681035
402 23385.1 0.000681035
403 19731.8 0.000681035
404 38233 0.000681035
405 15552.6 0.000681035
406 28405.2 0.000681035
407 27495 0.000681035
408 28158.4 0.000681035
409 12358 0.000681035
410 30476.2 0.000681035
411 6885.53 0.000681035
412 24812.6 0.000681035
413 12325.1 0.000681035
414 24519.5 0.000681035
415 10141.6 0.000681035
416 8008.03 0.000681035
417 19336 0.000681035
418 36541.4 0.000681035
419 28866 0.000681035
420 47341.6 0.000681035
421 25179.1 0.000681035
422 24539.4 0.000681035
423 23341.6 0.000681035
424 20549.9 0.000681035
425 21423.3 0.000555305
426 28453.7 0.000555305
427 24819.2 0.000555305
428 33196.3 0.000555305
429 18279 0.000555305
430 18264 0.000555305
431 40708.7 0.000555305
432 21904.5 0.000555305
433 18921 0.000555305
434 14105.4 0.000555305
435 14021.4 0.000555305
436 15085.1 0.000555305
437 27379.7 0.000555305
438 27182.7 0.000555305
439 23640.4 0.000555305
440 36022.1 0.000555305
441 26909.6 0.000555305
442 25567.1 0.000555305
443 10476.7 0.000555305
444 30347.3 0.000555305
445 19582.4 0.000555305
446 32938.9 0.000555305
447 22081.1 0.000471486
448 27719.9 0.000471486
449 15019.9 0.000471486
450 15577.7 0.000471486
451 17297.4 0.000471486
452 13975.3 0.000471486
453 32436.9 0.000471486
454 11058.5 0.000471486
455 28405.3 0.000471486
456 28007.7 0.000471486
457 20494.1 0.000471486
458 19852.6 0.000471486
459 7786.58 0.000471486
460 30077.3 0.000471486
461 17628.5 0.000471486
462 29287.1 0.000471486
463 22030.9 0.000471486
464 26799.8 0.000471486
465 15386.6 0.000471486
466 22277.4 0.000471486
467 16851.2 0.000471486
468 8852.18 0.000471486
469 16414.8 0.000471486
470 19598.5 0.000471486
471 12612.9 0.000471486
472 18474.5 0.000471486
473 29988.5 0.000471486
474 36177.1 0.000471486
475 33349.5 0.000471486
476 34526.2 0.000471486
477 28240.6 0.000471486
478 23431.2 0.000471486
479 43555.9 0.000471486
480 35121.4 0.000471486
481 24743.8 0.000471486
482 35316.4 0.000471486
483 28979.5 0.000471486
484 14230.5 0.000471486
485 19250.9 0.000471486
486 17639.5 0.000471486
487 27185.5 0.000471486
488 21116 0.000471486
489 27567.1 0.000471486
490 22630.4 0.000471486
491 29113 0.000471486
492 23334.5 0.000471486
493 32487.6 0.000471486
494 15893.4 0.000471486
495 28495.3 0.000471486
496 20050.3 0.000471486
497 29480.8 0.000471486
498 22004.8 0.000471486
499 12730.9 0.000471486
500 23063 0.000471486
501 25888.1 0.000471486
502 33499.8 0.000471486
503 37205.4 0.000471486
504 33093.8 0.000471486
505 38858.9 0.000471486
506 30453.3 0.000471486
507 32374.4 0.000471486
508 14303.6 0.000471486
509 14587.5 0.000471486
510 42530.5 0.000471486
511 26142.8 0.000471486
512 26870 0.000471486
513 21425.8 0.000471486
514 17011.2 0.000471486
515 37118 0.000471486
516 17963.7 0.000471486
517 18731.1 0.000471486
518 29203.7 0.000471486
519 19023.7 0.000471486
520 37388.3 0.000471486
521 31859.2 0.000471486
522 17295.7 0.000471486
523 13068.8 0.000471486
524 20140.8 0.000471486
525 33784.9 0.000471486
526 13856.8 0.000471486
527 22580.7 0.000471486
528 18343.8 0.000471486
529 14158.2 0.000471486
530 14179 0.000471486
531 23107.8 0.000471486
532 24455.4 0.000471486
533 22976.2 0.000471486
534 25633.5 0.000471486
535 32487.2 0.000471486
536 31188.4 0.000471486
537 22422.1 0.000471486
538 29804 0.000471486
539 22025 0.000471486
540 16725.2 0.000471486
541 35670.5 0.000471486
542 31409.6 0.000471486
543 45068.4 0.000471486
544 24035.2 0.000471486
545 23007.6 0.000471486
546 18029.6 0.000471486
547 21410.1 0.000471486
548 19903.5 0.000471486
549 9702.27 0.000471486
550 26336.3 0.000471486
551 25987.8 0.000471486
552 19513.4 0.000471486
553 18026.1 0.000471486
554 6943.34 0.000471486
555 21341.8 0.000471486
556 11976 0.000471486
557 13281.3 0.000471486
558 12111.7 0.000471486
559 9624.11 0.000471486
560 16075.4 0.000471486
561 21549.6 0.000471486
562 17694 0.000471486
563 25336.1 0.000471486
564 25107.2 0.000471486
565 27184.9 0.000471486
566 25856.5 0.000471486
567 14836.6 0.000471486
568 31167.3 0.000471486
569 32111.6 0.000471486
570 17805.9 0.000471486
571 16653.5 0.000471486
572 32019.3 0.000471486
573 13334.4 0.000471486
574 19739.7 0.000471486
575 26422.6 0.000471486
576 28412.4 0.000471486
577 21411.1 0.000471486
578 25712.8 0.000471486
579 31022.2 0.000471486
580 21390.1 0.000471486
581 32840.8 0.000471486
582 17467.7 0.000471486
583 31571.5 0.000471486
584 14414.3 0.000471486
585 26513.5 0.000345756
586 10739.1 0.000345756
587 27759.8 0.000345756
588 24958.3 0.000345756
589 21651.3 0.000345756
590 17334 0.000345756
591 20691.3 0.000345756
592 29834.6 0.000345756
593 25468.4 0.000345756
594 23023.7 0.000345756
595 13659.3 0.000345756
596 29035.3 0.000345756
597 21400.2 0.000345756
598 32229.2 0.000345756
599 35360.4 0.000345756
600 38532.8 0.000345756
601 18199 0.000345756
602 18141.5 0.000345756
603 27970.5 0.000345756
604 48587.3 0.000345756
605 24210.7 0.000345756
606 27171.5 0.000345756
607 9101.96 0.000345756
608 27571 0.000345756
609 19903 0.000345756
610 10985.2 0.000345756
611 17059.8 0.000345756
612 32596.3 0.000345756
613 34123 0.000345756
614 30553.1 0.000345756
615 22298.3 0.000345756
616 15719.4 0.000345756
617 15647 0.000345756
618 22136.4 0.000345756
619 22608.3 0.000345756
620 28690.3 0.000345756
621 45171 0.000345756
622 25994.8 0.000345756
623 38562.9 0.000345756
624 14436.9 0.000345756
625 39554.4 0.000345756
626 25436.6 0.000345756
627 14460.9 0.000345756
628 38761.5 0.000345756
629 19081.9 0.000345756
630 27856.5 0.000345756
631 12662.6 0.000345756
632 29740.6 0.000345756
633 32349.5 0.000345756
634 29088 0.000345756
635 24248.7 0.000345756
636 17492.2 0.000345756
637 15656.7 0.000345756
638 24242.9 0.000345756
639 23749.9 0.000345756
640 19471.9 0.000345756
641 22637.2 0.000345756
642 8919.08 0.000345756
643 25437 0.000345756
644 34181.1 0.000345756
645 22616.6 0.000345756
646 19441.5 0.000345756
647 32227.1 0.000345756
648 32168.9 0.000345756
649 8772.06 0.000345756
650 14940.9 0.000345756
651 15501.4 0.000345756
652 28108.4 0.000345756
653 25588.1 0.000345756
654 39108.9 0.000345756
655 28223.1 0.000345756
656 26938.6 0.000345756
657 29318.2 0.000345756
658 16190 0.000345756
659 23386.5 0.000345756
660 25587 0.000345756
661 17523.1 0.000345756
662 42108.4 0.000345756
663 28118.9 0.000345756
664 23142.7 0.000345756
665 26564.6 0.000345756
666 8001.42 0.000345756
667 17204.9 0.000345756
668 29017.4 0.000303846
669 6020.69 0.000303846
670 29971.9 0.000303846
671 30247.2 0.000303846
672 34778.9 0.000303846
673 41090.4 0.000303846
674 22526.7 0.000303846
675 23065.9 0.000303846
676 14952 0.000303846
677 23362.1 0.000303846
678 21710.7 0.000303846
679 30383 0.000303846
680 20617.2 0.000303846
681 25822.8 0.000303846
682 25868.6 0.000303846
683 21883.8 0.000303846
684 22997.4 0.000303846
685 24285 0.000303846
686 47777.9 0.000303846
687 35856.3 0.000261936
688 19210.5 0.000261936
689 23267.6 0.000261936
690 41058.8 0.000261936
691 21325.7 0.000261936
692 33774.4 0.000261936
693 9410.25 0.000261936
694 24698.6 0.000261936
695 21054.1 0.000261936
696 14211.8 0.000261936
697 22600.1 0.000261936
698 23617.2 0.000261936
699 42609.6 0.000261936
700 23643.6 0.000261936
701 20388.9 0.000261936
702 21734.4 0.000261936
703 28439.6 0.000261936
704 8281.82 0.000261936
705 37526.7 0.000261936
706 19118.3 0.000261936
707 16835.9 0.000261936
708 17403.5 0.000261936
709 22609.8 0.000261936
710 19887 0.000261936
711 16623.7 0.000261936
712 23183.2 0.000261936
713 34577.7 0.000261936
714 20648.7 0.000261936
715 32873.2 0.000261936
716 35704.7 0.000261936
717 14189.6 0.000261936
718 26211.9 0.000261936
719 25300.2 0.000261936
720 25620.8 0.000261936
721 20995 0.000261936
722 32403.6 0.000261936
723 26982.1 0.000261936
724 21095.8 0.000261936
725 15462.1 0.000261936
726 27363.7 0.000261936
727 15936.4 0.000261936
728 24714.4 0.000261936
729 14149.6 0.000261936
730 34079.4 0.000261936
731 26347.6 0.000261936
732 17911.2 0.000261936
733 17691.1 0.000261936
734 20925.9 0.000261936
735 32659.6 0.000261936
736 25434 0.000261936
737 18446.1 0.000261936
738 16125.4 0.000261936
739 19418.1 0.000261936
740 15101.5 0.000261936
741 15439.4 0.000261936
742 13715.9 0.000261936
743 15096 0.000261936
744 17396.3 0.000261936
745 27889.6 0.000261936
746 24452 0.000261936
747 19923.1 0.000261936
748 18394 0.000261936
749 26693.3 0.000261936
750 26216.3 0.000261936
751 26198.7 0.000261936
752 24729.3 0.000261936
753 21792.7 0.000261936
754 23714.5 0.000261936
755 13543.6 0.000261936
756 27427.1 0.000261936
757 16346.5 0.000261936
758 23215.7 0.000261936
759 13792.4 0.000261936
760 8366.22 0.000261936
761 13456.6 0.000261936
762 15964.3 0.000261936
763 28938.9 0.000261936
764 36562.3 0.000261936
765 30622.7 0.000261936
766 25490.6 0.000261936
767 29531.4 0.000261936
768 15036.1 0.000261936
769 16843.7 0.000261936
770 24679.7 0.000261936
771 16140.9 0.000261936
772 25819.7 0.000261936
773 15830.3 0.000261936
774 18616.2 0.000178117
775 22546.4 0.000178117
776 13604.7 0.000178117
777 50328.8 0.000178117
778 20547.6 0.000178117
779 24316.6 0.000178117
780 27110.1 0.000178117
781 16925.8 0.000178117
782 16221.2 0.000178117
783 8494.28 0.000178117
784 32306.5 0.000178117
785 15563.6 0.000178117
786 28678 0.000178117
787 18129.4 0.000178117
788 11860.4 0.000178117
789 34032.5 0.000178117
790 22581.7 0.000178117
791 27843.4 0.000178117
792 44124.8 0.000178117
793 19759 0.000178117
794 29468.4 0.000178117
795 18878.6 0.000178117
796 26191.3 0.000178117
797 18231.9 0.000178117
798 34323.6 0.000178117
799 22659.7 0.000178117
800 32977.8 0.000178117
801 15173.7 0.000178117
802 20401.8 0.000178117
803 21988.6 0.000178117
804 19549.9 0.000178117
805 26492 0.000178117
806 26511.1 0.000178117
807 13603 0.000178117
808 24750.6 0.000178117
809 29967 0.000178117
810 26506.9 0.000178117
811 25438.4 0.000178117
812 17101 0.000178117
813 37513.8 0.000178117
814 24212.7 0.000178117
815 23910.2 0.000178117
816 15887.1 0.000178117
817 13259.4 0.000178117
818 39603.6 0.000178117
819 35322.3 0.000178117
820 24601.1 0.000178117
821 19620.1 0.000178117
822 11853.1 0.000178117
823 30208.6 0.000178117
824 24864.7 0.000178117
825 28533.8 0.000178117
826 22979.2 0.000178117
827 23506.2 0.000178117
828 16560 0.000178117
829 7425.29 0.000178117
830 16920.8 0.000178117
831 28584.5 0.000178117
832 25419.3 0.000178117
833 14351 0.000178117
834 29254.4 0.000178117
835 22893.3 0.000178117
836 21538.3 0.000178117
837 35677.1 0.000178117
838 25621 0.000178117
839 28863 0.000178117
840 23220.5 0.000178117
841 33765.3 0.000178117
842 15139.4 0.000178117
843 7554.35 0.000178117
844 16846.9 0.000178117
845 23039.3 0.000178117
846 38923.1 0.000178117
847 35551.5 0.000178117
848 16403.4 0.000178117
849 25409.8 0.000178117
850 19113.5 0.000178117
851 19203.9 0.000178117
852 56006.7 0.000178117
853 27297 0.000178117
854 21875.9 0.000178117
855 21451.6 0.000178117
856 7550.75 0.000178117
857 15919.6 0.000178117
858 47816.4 0.000178117
859 45491 0.000178117
860 27238.2 0.000178117
861 20321.1 0.000178117
862 37212.8 0.000178117
863 24146.7 0.000178117
864 16066.5 0.000178117
865 17821.2 0.000178117
866 14280.7 0.000178117
867 32519.4 0.000178117
868 18209.2 0.000178117
869 34960.3 0.000178117
870 25666 0.000178117
871 25802.7 0.000178117
872 21146.6 0.000178117
873 29398.8 0.000178117
874 23161.6 0.000178117
875 18925.6 0.000178117
876 9966.44 0.000178117
877 26529.2 0.000178117
878 49544.1 0.000178117
879 15357.4 0.000178117
880 18799.8 0.000178117
881 20285.3 0.000178117
882 14037.5 0.000178117
883 18894.2 0.000178117
884 19254 0.000136207
885 27586 0.000136207
886 6620.11 0.000136207
887 15613.4 0.000136207
888 15693.1 0.000136207
889 19755.3 0.000136207
890 43058.8 0.000136207
891 24944.4 0.000136207
892 18184.4 0.000136207
893 31427 0.000136207
894 18988.1 9.42971e-05
895 19686.1 9.42971e-05
896 29609.7 9.42971e-05
897 37304.2 9.42971e-05
898 30006.3 9.42971e-05
899 11005 9.42971e-05
900 19500 9.42971e-05
901 23379.9 9.42971e-05
902 15017.1 9.42971e-05
903 22833.7 9.42971e-05
904 23931.5 9.42971e-05
905 20061.4 9.42971e-05
906 30603.1 9.42971e-05
907 15455.7 9.42971e-05
908 21627 9.42971e-05
909 30567.6 9.42971e-05
910 32427.6 9.42971e-05
911 30134 9.42971e-05
912 15940.4 9.42971e-05
913 15000.8 9.42971e-05
914 21719.4 9.42971e-05
915 35485.7 9.42971e-05
916 22916.5 9.42971e-05
917 17341.5 9.42971e-05
918 20423.7 9.42971e-05
919 27019.9 9.42971e-05
920 23054.1 9.42971e-05
921 18487.6 9.42971e-05
922 25029.8 9.42971e-05
923 25030.4 9.42971e-05
924 30096.3 9.42971e-05
925 10491.1 9.42971e-05
926 18445.7 9.42971e-05
927 29651.2 9.42971e-05
928 43219.9 9.42971e-05
929 22095.6 9.42971e-05
930 21168.3 9.42971e-05
931 16803.5 9.42971e-05
932 21979.4 9.42971e-05
933 18802.3 9.42971e-05
934 14699.3 9.42971e-05
935 23049.2 9.42971e-05
936 30295 9.42971e-05
937 19038.5 9.42971e-05
938 20281.6 9.42971e-05
939 28547 9.42971e-05
940 13594.6 9.42971e-05
941 14411.8 9.42971e-05
942 21497.9 9.42971e-05
943 27986.4 9.42971e-05
944 32400.2 9.42971e-05
945 42832.5 9.42971e-05
946 21051.4 9.42971e-05
947 19808.8 9.42971e-05
948 14187.3 9.42971e-05
949 27288.1 9.42971e-05
950 23195.7 9.42971e-05
951 34181.7 9.42971e-05
952 42015.2 9.42971e-05
953 31498.1 9.42971e-05
954 12565.8 9.42971e-05
955 10566.2 9.42971e-05
956 16212.5 9.42971e-05
957 15548.4 9.42971e-05
958 5209.43 9.42971e-05
959 24680.1 9.42971e-05
960 23166.6 9.42971e-05
961 8846.16 9.42971e-05
962 21671.9 9.42971e-05
963 24001.9 9.42971e-05
964 28417.3 9.42971e-05
965 28006.2 9.42971e-05
966 31448 9.42971e-05
967 13320.3 9.42971e-05
968 37702.2 9.42971e-05
969 9827.68 9.42971e-05
970 26485.1 9.42971e-05
971 11576.4 9.42971e-05
972 41401.7 9.42971e-05
973 37852.5 9.42971e-05
974 19252.7 9.42971e-05
975 33416.8 9.42971e-05
976 20195.5 9.42971e-05
977 23126 9.42971e-05
978 20059.4 9.42971e-05
979 26176.7 9.42971e-05
980 25164.5 9.42971e-05
981 25961.6 9.42971e-05
982 18044.8 9.42971e-05
983 33815.7 9.42971e-05
984 37520.4 9.42971e-05
985 25537.2 9.42971e-05
986 19565.9 9.42971e-05
987 25239.1 9.42971e-05
988 25440 9.42971e-05
989 20922.4 9.42971e-05
990 15211.5 9.42971e-05
991 17603.4 9.42971e-05
992 10087.3 9.42971e-05
993 20467.8 9.42971e-05
994 10092.6 9.42971e-05
995 21188.7 9.42971e-05
996 20060.8 9.42971e-05
997 16616.5 9.42971e-05
998 18858 9.42971e-05
999 23030.4 9.42971e-05
1000 43340.4 9.42971e-05
1001 21127.3 9.42971e-05
1002 24463.1 9.42971e-05
1003 28489.5 9.42971e-05
1004 32317 9.42971e-05
1005 45888.5 9.42971e-05
1006 28938.1 9.42971e-05
1007 13452.7 9.42971e-05
1008 25568.5 9.42971e-05
1009 19510 9.42971e-05
1010 29270.7 9.42971e-05
1011 17248.2 9.42971e-05
1012 17840.3 9.42971e-05
1013 31577.3 9.42971e-05
1014 26792.1 9.42971e-05
1015 25094.1 9.42971e-05
1016 15958.4 9.42971e-05
1017 25376.2 9.42971e-05
1018 49214.6 9.42971e-05
1019 19029.1 9.42971e-05
1020 34508.3 9.42971e-05
1021 41377.9 9.42971e-05
1022 19257.4 9.42971e-05
1023 22406.7 9.42971e-05
1024 20994.6 9.42971e-05
1025 22101.1 9.42971e-05
1026 22198.5 9.42971e-05
1027 18782.5 9.42971e-05
1028 29407.8 9.42971e-05
1029 40455.1 9.42971e-05
1030 28919.9 9.42971e-05
1031 22212.2 9.42971e-05
1032 18916.2 9.42971e-05
1033 17466 9.42971e-05
1034 24464.4 9.42971e-05
1035 19255.4 9.42971e-05
1036 23962.9 9.42971e-05
1037 12456.3 9.42971e-05
1038 40749.7 9.42971e-05
1039 16254.3 9.42971e-05
1040 20966.6 9.42971e-05
1041 25812 9.42971e-05
1042 18886 9.42971e-05
1043 25721 9.42971e-05
1044 31377.9 9.42971e-05
1045 16780.3 9.42971e-05
1046 22340.2 9.42971e-05
1047 15328.6 9.42971e-05
1048 24645.8 9.42971e-05
1049 43196.5 9.42971e-05
1050 16486.2 9.42971e-05
1051 18083.1 9.42971e-05
1052 23351.5 9.42971e-05
1053 24013 5.23873e-05
1054 34953.9 5.23873e-05
1055 22608 5.23873e-05
1056 30899.8 5.23873e-05
1057 17455.8 5.23873e-05
1058 28967.7 5.23873e-05
1059 22054.2 5.23873e-05
1060 11552.1 5.23873e-05
1061 11294 5.23873e-05
1062 19334 5.23873e-05
1063 25252 5.23873e-05
1064 34423.3 5.23873e-05
1065 22353.2 5.23873e-05
1066 15948.3 5.23873e-05
1067 12259.8 5.23873e-05
1068 23495.7 5.23873e-05
1069 17455.5 5.23873e-05
1070 42347.5 5.23873e-05
1071 22750.2 5.23873e-05
1072 21407.7 5.23873e-05
1073 25135 5.23873e-05
1074 10214.7 5.23873e-05
1075 6090.41 5.23873e-05
1076 11279.3 5.23873e-05
1077 37033.5 5.23873e-05
1078 25467.7 5.23873e-05
1079 41579.7 5.23873e-05
1080 43918.8 5.23873e-05
1081 21669.8 5.23873e-05
1082 29326.2 5.23873e-05
1083 26772.3 5.23873e-05
1084 51354.2 5.23873e-05
1085 37516.5 5.23873e-05
1086 18558.9 5.23873e-05
1087 18032.8 5.23873e-05
1088 22518.9 5.23873e-05
1089 17673.4 5.23873e-05
1090 6689.35 5.23873e-05
1091 33462.7 5.23873e-05
1092 13607.7 5.23873e-05
1093 22598.4 5.23873e-05
1094 30425.7 5.23873e-05
1095 20944.7 5.23873e-05
1096 13061.7 5.23873e-05
1097 24214 5.23873e-05
1098 34353.7 5.23873e-05
1099 32015.1 5.23873e-05
1100 11015.2 5.23873e-05
1101 21370.1 5.23873e-05
1102 21853.9 5.23873e-05
1103 15667.6 5.23873e-05
1104 12572.5 5.23873e-05
1105 18171.9 5.23873e-05
1106 26026.4 5.23873e-05
1107 8921.38 5.23873e-05
1108 20025.9 5.23873e-05
1109 10840.4 5.23873e-05
1110 27211.5 5.23873e-05
1111 23026.5 5.23873e-05
1112 18993.6 5.23873e-05
1113 21535.7 5.23873e-05
1114 12026.7 5.23873e-05
1115 21480 5.23873e-05
1116 20487 5.23873e-05
1117 24177.6 5.23873e-05
1118 24396.6 5.23873e-05
1119 39793.3 5.23873e-05
1120 13973.3 5.23873e-05
1121 22771.3 5.23873e-05
1122 10801.2 5.23873e-05
1123 23849.1 5.23873e-05
1124 18496.7 5.23873e-05
1125 19204.9 5.23873e-05
1126 14466.2 5.23873e-05
1127 20365.4 5.23873e-05
1128 20478.4 5.23873e-05
1129 24190.8 5.23873e-05
1130 12691.6 5.23873e-05
1131 12749.5 5.23873e-05
1132 17857.3 5.23873e-05
1133 26553.6 5.23873e-05
1134 24788.4 5.23873e-05
1135 18350 5.23873e-05
1136 23538.6 5.23873e-05
1137 31088.4 5.23873e-05
1138 23824.3 5.23873e-05
1139 16893.7 5.23873e-05
1140 20924.3 5.23873e-05
1141 21975 5.23873e-05
1142 22512.3 5.23873e-05
1143 29317.7 5.23873e-05
1144 27433.6 5.23873e-05
1145 29092.4 5.23873e-05
1146 30329.7 5.23873e-05
1147 22011.6 5.23873e-05
1148 22297.1 5.23873e-05
1149 19452.1 5.23873e-05
1150 26516.8 5.23873e-05
1151 26402 5.23873e-05
1152 14711.6 5.23873e-05
1153 25183.2 5.23873e-05
1154 40811.7 5.23873e-05
1155 8836.92 5.23873e-05
1156 33918.8 5.23873e-05
1157 30001.7 5.23873e-05
1158 15443.3 5.23873e-05
1159 24620.3 5.23873e-05
1160 36431 5.23873e-05
1161 16889.1 5.23873e-05
1162 11952 5.23873e-05
1163 19062.5 5.23873e-05
1164 31192 5.23873e-05
1165 31511.2 5.23873e-05
1166 15297.1 5.23873e-05
1167 31384.3 5.23873e-05
1168 41200.3 5.23873e-05
1169 37096.8 5.23873e-05
1170 20065.9 5.23873e-05
1171 18806.5 5.23873e-05
1172 12953.7 5.23873e-05
1173 33631.3 5.23873e-05
1174 39211.6 5.23873e-05
1175 29730.6 5.23873e-05
1176 28160.9 5.23873e-05
1177 18847 5.23873e-05
1178 21849.4 5.23873e-05
1179 20222.6 5.23873e-05
1180 17165 5.23873e-05
1181 22327 5.23873e-05
1182 16354.8 5.23873e-05
1183 26535 5.23873e-05
1184 7698.91 5.23873e-05
1185 19430.2 5.23873e-05
1186 13420.1 5.23873e-05
1187 21693 5.23873e-05
1188 24169.4 5.23873e-05
1189 32422.9 5.23873e-05
1190 22021.5 5.23873e-05
1191 14317.2 5.23873e-05
1192 26038.9 5.23873e-05
1193 16976.9 5.23873e-05
1194 22980.2 5.23873e-05
1195 14361.4 5.23873e-05
1196 23606.6 5.23873e-05
1197 11839.6 5.23873e-05
1198 13650.7 5.23873e-05
1199 16679.9 5.23873e-05
1200 16895.7 5.23873e-05
1201 15121 5.23873e-05
1202 18922.9 5.23873e-05
1203 19355.3 5.23873e-05
1204 18493.2 5.23873e-05
1205 28071.6 5.23873e-05
1206 25241.1 5.23873e-05
1207 24794.5 5.23873e-05
1208 21027.5 5.23873e-05
1209 29562.2 5.23873e-05
1210 21824.8 5.23873e-05
1211 15023 5.23873e-05
1212 12704.7 5.23873e-05
1213 8870.9 5.23873e-05
1214 24978.1 5.23873e-05
1215 20494 5.23873e-05
1216 19576.6 5.23873e-05
1217 11606.3 5.23873e-05
1218 15706.8 5.23873e-05
1219 5771.67 5.23873e-05
1220 15927.1 5.23873e-05
1221 21200.2 5.23873e-05
1222 12748.7 5.23873e-05
1223 21435 5.23873e-05
1224 16023.6 5.23873e-05
1225 21598.5 5.23873e-05
1226 33026.8 5.23873e-05
1227 50647.1 5.23873e-05
1228 20495 5.23873e-05
1229 17917.3 5.23873e-05
1230 28676.2 5.23873e-05
1231 23447 5.23873e-05
1232 19097.7 5.23873e-05
1233 26411.5 5.23873e-05
1234 22201.2 5.23873e-05
1235 15530.7 5.23873e-05
1236 13179.5 5.23873e-05
1237 15220.1 5.23873e-05
1238 20281.4 5.23873e-05
1239 12659.1 5.23873e-05
1240 23322.9 5.23873e-05
1241 30400.4 5.23873e-05
1242 18377.8 5.23873e-05
1243 19650.7 5.23873e-05
1244 20326.1 5.23873e-05
1245 16079.1 5.23873e-05
1246 25948.6 5.23873e-05
1247 25791 5.23873e-05
1248 20464.8 5.23873e-05
1249 26032.8 5.23873e-05
1250 18518.8 5.23873e-05
1251 32168.5 5.23873e-05
1252 23603.4 5.23873e-05
1253 16526 5.23873e-05
1254 17818.8 5.23873e-05
1255 20474.2 5.23873e-05
1256 22102.7 5.23873e-05
1257 15387 5.23873e-05
1258 15032.2 5.23873e-05
1259 23005.1 5.23873e-05
1260 23951.1 5.23873e-05
1261 39328 5.23873e-05
1262 11922 5.23873e-05
1263 11020.1 5.23873e-05
1264 14274.4 5.23873e-05
1265 23616.5 5.23873e-05
1266 13173.3 5.23873e-05
1267 14755 5.23873e-05
1268 16024.1 5.23873e-05
1269 15425.3 5.23873e-05
1270 11755.8 5.23873e-05
1271 18349.4 5.23873e-05
1272 12989.1 5.23873e-05
1273 20475 5.23873e-05
1274 21816 5.23873e-05
1275 25850.3 5.23873e-05
1276 17871.9 5.23873e-05
1277 20428.8 5.23873e-05
1278 19560.4 5.23873e-05
1279 12343.7 5.23873e-05
1280 17771 5.23873e-05
1281 17705.2 5.23873e-05
1282 15695.3 5.23873e-05
1283 36390.4 5.23873e-05
1284 28111.5 5.23873e-05
1285 23306.7 5.23873e-05
1286 31189.9 5.23873e-05
1287 33881.4 5.23873e-05
1288 25004.1 5.23873e-05
1289 30309.1 5.23873e-05
1290 22774.7 5.23873e-05
1291 28833.5 5.23873e-05
1292 37910 5.23873e-05
1293 30698.7 5.23873e-05
1294 27028.7 5.23873e-05
1295 12071.5 5.23873e-05
1296 13458.3 5.23873e-05
1297 18041.2 5.23873e-05
1298 24073.6 5.23873e-05
1299 18810.9 5.23873e-05
1300 35323.1 5.23873e-05
1301 27742.5 5.23873e-05
1302 38224.8 5.23873e-05
1303 28642 5.23873e-05
1304 21309.9 5.23873e-05
1305 39163.2 5.23873e-05
1306 29286.5 5.23873e-05
1307 26421.5 5.23873e-05
1308 13602.1 5.23873e-05
1309 34962.6 5.23873e-05
1310 27938.7 5.23873e-05
1311 26320.3 5.23873e-05
1312 24187.8 5.23873e-05
1313 13400 5.23873e-05
1314 25376.7 5.23873e-05
1315 18850.8 5.23873e-05
1316 9590.97 5.23873e-05
1317 17281.4 5.23873e-05
1318 33952.6 5.23873e-05
1319 35017 5.23873e-05
1320 14748.8 5.23873e-05
1321 12531.2 5.23873e-05
1322 10405.4 5.23873e-05
1323 32618.2 5.23873e-05
1324 5306.11 5.23873e-05
1325 27876.6 5.23873e-05
1326 32784.2 5.23873e-05
1327 30033.3 5.23873e-05
1328 22272.1 5.23873e-05
1329 4933.07 5.23873e-05
1330 24532.9 5.23873e-05
1331 22482.6 5.23873e-05
1332 28712.8 5.23873e-05
1333 29380.6 5.23873e-05
1334 22268 5.23873e-05
1335 16456.3 5.23873e-05
1336 34063.5 5.23873e-05
1337 24606.9 5.23873e-05
1338 37119.3 5.23873e-05
1339 18015.9 5.23873e-05
1340 12171.3 5.23873e-05
1341 25040.7 5.23873e-05
1342 12031.6 5.23873e-05
1343 19932.8 5.23873e-05
1344 26757.7 5.23873e-05
1345 23539.1 5.23873e-05
1346 13898.5 5.23873e-05
1347 16057.7 5.23873e-05
1348 9852.62 5.23873e-05
1349 29007 5.23873e-05
1350 17284.1 5.23873e-05
1351 23814.9 5.23873e-05
1352 29104.5 5.23873e-05
1353 27176.5 5.23873e-05
1354 8814.69 5.23873e-05
1355 27155.2 5.23873e-05
1356 18440.4 5.23873e-05
1357 19997.6 5.23873e-05
1358 20628.5 5.23873e-05
1359 8477.96 5.23873e-05
1360 18863.4 5.23873e-05
1361 19891.9 5.23873e-05
1362 23532.5 5.23873e-05
1363 10696.8 5.23873e-05
1364 33025 5.23873e-05
1365 11898.2 5.23873e-05
1366 15723.7 5.23873e-05
1367 23569.9 5.23873e-05
1368 36543.4 5.23873e-05
1369 12767.4 5.23873e-05
1370 39621.1 5.23873e-05
1371 18683.7 5.23873e-05
1372 31050.6 5.23873e-05
1373 23256 5.23873e-05
1374 19274.8 5.23873e-05
1375 47909.3 5.23873e-05
1376 19181.2 5.23873e-05
1377 32000.2 5.23873e-05
1378 16387.2 5.23873e-05
1379 16167 5.23873e-05
1380 25631.9 5.23873e-05
1381 22605.8 5.23873e-05
1382 15577.4 5.23873e-05
1383 32971.5 5.23873e-05
1384 27637.7 5.23873e-05
1385 31285.3 5.23873e-05
1386 23184.4 5.23873e-05
1387 24515.3 5.23873e-05
1388 24100.9 5.23873e-05
1389 34359.8 5.23873e-05
1390 27223.1 5.23873e-05
1391 27497.9 5.23873e-05
1392 20948.7 5.23873e-05
1393 37050.9 5.23873e-05
1394 31522.8 5.23873e-05
1395 16201.5 5.23873e-05
1396 29546 5.23873e-05
1397 19324.9 5.23873e-05
1398 24033.6 5.23873e-05
1399 20972.9 5.23873e-05
1400 13114.4 5.23873e-05
1401 9118.71 5.23873e-05
1402 20448.8 5.23873e-05
1403 31439.6 5.23873e-05
1404 15413.5 5.23873e-05
1405 22808.4 5.23873e-05
1406 12373.1 5.23873e-05
1407 18806.7 5.23873e-05
1408 35537.8 5.23873e-05
1409 17503.3 5.23873e-05
1410 22703.2 5.23873e-05
1411 12253.9 5.23873e-05
1412 35236.7 5.23873e-05
1413 21246.9 5.23873e-05
1414 13514 5.23873e-05
1415 19554.2 5.23873e-05
1416 35058.9 5.23873e-05
1417 20861.5 5.23873e-05
1418 31793 5.23873e-05
1419 44563.1 5.23873e-05
1420 28165.9 5.23873e-05
1421 18919 5.23873e-05
1422 30833.2 5.23873e-05
1423 23570 5.23873e-05
1424 16828.5 5.23873e-05
1425 31616.4 5.23873e-05
1426 15329.8 5.23873e-05
1427 16130.3 5.23873e-05
1428 30719.6 5.23873e-05
1429 34684.1 5.23873e-05
1430 16260.6 5.23873e-05
1431 34902.3 5.23873e-05
1432 15446.7 5.23873e-05
1433 9654.57 5.23873e-05
1434 24792.4 5.23873e-05
1435 21462.6 5.23873e-05
1436 16750.7 5.23873e-05
1437 22080.6 5.23873e-05
1438 20651.3 5.23873e-05
1439 5525.49 5.23873e-05
1440 17837.5 5.23873e-05
1441 34165.4 5.23873e-05
1442 39160 5.23873e-05
1443 23466.5 5.23873e-05
1444 29712 5.23873e-05
1445 37809.8 5.23873e-05
1446 42946.5 5.23873e-05
1447 29420.4 5.23873e-05
1448 18938.1 5.23873e-05
1449 7108.46 5.23873e-05
1450 16018.3 5.23873e-05
1451 24939.7 5.23873e-05
1452 40061.5 5.23873e-05
1453 12366.5 5.23873e-05
1454 21425.4 5.23873e-05
1455 8765.72 5.23873e-05
1456 19043.4 5.23873e-05
1457 33434.8 5.23873e-05
1458 26696.1 5.23873e-05
1459 44407.2 5.23873e-05
1460 15843.8 5.23873e-05
1461 10608.9 5.23873e-05
1462 25204.5 5.23873e-05
1463 14050.1 5.23873e-05
1464 16859.7 5.23873e-05
1465 44044.4 5.23873e-05
1466 24909 5.23873e-05
1467 18196.8 5.23873e-05
1468 22709.4 5.23873e-05
1469 35036.7 5.23873e-05
1470 24794.7 5.23873e-05
1471 28743.8 5.23873e-05
1472 23301.8 5.23873e-05
1473 26218.9 5.23873e-05
1474 14217 5.23873e-05
1475 22948.8 5.23873e-05
1476 20329.7 5.23873e-05
1477 14671.7 5.23873e-05
1478 16727.5 5.23873e-05
1479 14553.5 5.23873e-05
1480 18907.5 5.23873e-05
1481 22258.5 5.23873e-05
1482 16900.4 5.23873e-05
1483 18901.8 5.23873e-05
1484 35592.1 5.23873e-05
1485 16256.6 5.23873e-05
1486 28789.5 5.23873e-05
1487 26691.6 5.23873e-05
1488 13218.4 5.23873e-05
1489 16839.9 5.23873e-05
1490 25798.1 5.23873e-05
1491 18007 5.23873e-05
1492 27811.7 5.23873e-05
1493 22596.3 5.23873e-05
1494 54779.9 5.23873e-05
1495 9221.84 5.23873e-05
1496 24563.1 5.23873e-05
1497 16926.3 5.23873e-05
1498 26683.1 5.23873e-05
1499 16952.9 5.23873e-05
1500 20959.5 5.23873e-05
