1 1.08766e+06 470084
2 944507 191204
3 919196 142919
4 821735 142919
5 780330 116486
6 772186 116486
7 795111 116486
8 755908 116486
9 688982 116486
10 725245 116486
11 686587 116486
12 605999 116486
13 592320 116486
14 603981 116486
15 601128 116486
16 626191 116486
17 518742 116486
18 562121 116486
19 566179 74487.3
20 586181 74487.3
21 598047 74487.3
22 528128 74487.3
23 602880 74487.3
24 553944 74487.3
25 544467 74487.3
26 512120 59483
27 488186 59483
28 473930 59483
29 492731 59483
30 530968 59483
31 558944 59483
32 578780 59483
33 556020 59483
34 558194 59483
35 584901 59483
36 554800 59483
37 559120 59483
38 526998 59483
39 526204 59483
40 478244 59483
41 519373 59483
42 486934 59483
43 457013 59483
44 505862 59483
45 533816 59483
46 524354 59483
47 549821 59483
48 535536 59483
49 510476 59483
50 512551 54332.7
51 537778 54332.7
52 574537 47135.5
53 558719 44383.8
54 552999 41842.5
55 555396 41842.5
56 536502 41842.5
57 557592 41842.5
58 554135 41842.5
59 560568 41842.5
60 577482 41842.5
61 585804 41842.5
62 580174 41842.5
63 555298 41842.5
64 603726 41842.5
65 599791 41842.5
66 615035 41842.5
67 576187 41842.5
68 580864 36575.2
69 589550 36575.2
70 570054 36575.2
71 563687 36575.2
72 602237 36575.2
73 599338 36575.2
74 603284 36575.2
75 634346 36575.2
76 641737 36575.2
77 607270 36575.2
78 655519 36575.2
79 658386 36575.2
80 647018 36575.2
81 604809 36575.2
82 560208 36575.2
83 520231 36575.2
84 566291 36575.2
85 553259 36575.2
86 517587 36575.2
87 594362 36575.2
88 601170 36575.2
89 573264 36575.2
90 572643 36575.2
91 573744 19761
92 574341 19761
93 547996 19761
94 518098 19761
95 556615 19761
96 563012 19761
97 565168 19761
98 567971 19761
99 537886 19761
100 516180 19761
101 477395 19761
102 509732 19761
103 511387 19761
104 509153 19761
105 471335 19761
106 546056 19761
107 493986 19761
108 470114 19761
109 540704 19761
110 554444 19761
111 515506 19761
112 501681 19761
113 497359 19761
114 557702 19761
115 605893 19761
116 598982 19761
117 579714 19761
118 544577 19761
119 548099 19761
120 575623 19761
121 525350 19761
122 521341 19761
123 542028 19761
124 555893 19761
125 574382 19761
126 571205 19761
127 582070 19761
128 607852 19761
129 579408 17685.4
130 568374 17685.4
131 555143 17685.4
132 542337 17685.4
133 527345 17685.4
134 553237 17685.4
135 540208 17685.4
136 548744 17685.4
137 548132 17685.4
138 556466 15025.1
139 616783 15025.1
140 583514 15025.1
141 551077 15025.1
142 527907 15025.1
143 562814 15025.1
144 583521 15025.1
145 612688 15025.1
146 616162 15025.1
147 636126 15025.1
148 628009 15025.1
149 616323 15025.1
150 617410 15025.1
151 572075 15025.1
152 581860 15025.1
153 546563 15025.1
154 493450 15025.1
155 572705 15025.1
156 530099 15025.1
157 529532 15025.1
158 535411 15025.1
159 561982 15025.1
160 531032 15025.1
161 538252 15025.1
162 584069 15025.1
163 581585 15025.1
164 601639 15025.1
165 620785 15025.1
166 595137 15025.1
167 593378 15025.1
168 593874 15025.1
169 557232 15025.1
170 577001 15025.1
171 573374 15025.1
172 614079 15025.1
173 543615 15025.1
174 593758 15025.1
175 603732 15025.1
176 577919 15025.1
177 544807 15025.1
178 540721 15025.1
179 538871 15025.1
180 571314 15025.1
181 603076 15025.1
182 570984 15025.1
183 543921 15025.1
184 537498 15025.1
185 520785 15025.1
186 527055 15025.1
187 526579 15025.1
188 561306 15025.1
189 590946 15025.1
190 557962 15025.1
191 567584 15025.1
192 585531 15025.1
193 590198 15025.1
194 624567 15025.1
195 603779 15025.1
196 553805 15025.1
197 528294 15025.1
198 541240 15025.1
199 579823 15025.1
200 561626 10353.7
201 587297 10353.7
202 585487 10353.7
203 568141 10353.7
204 566983 10353.7
205 624511 10353.7
206 564381 10353.7
207 572443 10353.7
208 594585 10353.7
209 608509 10353.7
210 582624 10353.7
211 569094 10353.7
212 577923 10353.7
213 617952 10353.7
214 591810 10353.7
215 525972 10353.7
216 586711 10353.7
217 567630 10353.7
218 560879 10353.7
219 501685 10353.7
220 522024 10353.7
221 534271 10353.7
222 495183 10032
223 506626 10032
224 535377 10032
225 510866 10032
226 497598 10032
227 491599 10032
228 499126 10032
229 507828 10032
230 529419 10032
231 497203 10032
232 494330 10032
233 499736 10032
234 521935 10032
235 482728 10032
236 507108 10032
237 532909 10032
238 526060 10032
239 484273 8577.3
240 482232 8577.3
241 490301 8577.3
242 429241 8577.3
243 477560 8577.3
244 453779 8577.3
245 470721 8577.3
246 522961 8577.3
247 500898 8577.3
248 525721 8577.3
249 505820 8577.3
250 558612 8577.3
251 556655 8577.3
252 517077 8577.3
253 455328 8577.3
254 506114 8577.3
255 528029 8577.3
256 495308 8577.3
257 548616 8577.3
258 465240 8577.3
259 453998 8577.3
260 483853 8577.3
261 472200 8577.3
262 483302 8577.3
263 485150 8577.3
264 505444 8577.3
265 533794 8577.3
266 533932 8577.3
267 533340 8577.3
268 510080 8577.3
269 514040 8577.3
270 495309 8577.3
271 522157 8577.3
272 549905 8577.3
273 531240 8577.3
274 534644 8577.3
275 548538 8577.3
276 516485 8577.3
277 494168 8577.3
278 506965 8577.3
279 485236 8577.3
280 533971 8577.3
281 473341 8577.3
282 493335 8577.3
283 501497 8577.3
284 484448 8577.3
285 504834 8577.3
286 515702 8577.3
287 543950 8577.3
288 538318 8577.3
289 544498 8577.3
290 549741 8577.3
291 534751 8577.3
292 541135 8577.3
293 580655 8577.3
294 576907 8577.3
295 559803 8577.3
296 505013 8577.3
297 536279 8577.3
298 558171 8577.3
299 595589 8577.3
300 552518 8577.3
301 572565 8577.3
302 594416 8577.3
303 621920 8577.3
304 628814 8577.3
305 632663 8577.3
306 642452 8577.3
307 551734 8577.3
308 550179 8577.3
309 551879 8577.3
310 595039 8577.3
311 568106 8577.3
312 582383 8577.3
313 647661 8577.3
314 691189 8577.3
315 674285 8577.3
316 706116 8577.3
317 677936 8577.3
318 624598 8577.3
319 640790 8577.3
320 631694 8577.3
321 574739 8577.3
322 548668 8577.3
323 574102 8577.3
324 588742 8577.3
325 637108 8577.3
326 638822 8577.3
327 611371 8577.3
328 609474 8577.3
329 567997 8577.3
330 584590 8577.3
331 554196 8577.3
332 550357 8577.3
333 539552 8577.3
334 548104 8577.3
335 557438 8577.3
336 533636 8577.3
337 569220 8577.3
338 563129 8577.3
339 546347 8577.3
340 573866 8577.3
341 638051 8577.3
342 571356 8577.3
343 632395 8577.3
344 659644 8577.3
345 657525 8577.3
346 634974 8577.3
347 643841 8577.3
348 638059 8577.3
349 672878 8577.3
350 645455 8577.3
351 613077 8577.3
352 571847 8577.3
353 598673 8577.3
354 669830 8577.3
355 682445 8577.3
356 634159 8577.3
357 650386 8577.3
358 611968 8577.3
359 626207 8577.3
360 596875 8577.3
361 563704 8577.3
362 579067 8577.3
363 596580 8577.3
364 618601 8577.3
365 583073 8577.3
366 604761 8577.3
367 557447 8577.3
368 598382 8577.3
369 613114 8577.3
370 551433 8577.3
371 563805 8577.3
372 557927 8577.3
373 597092 8577.3
374 526501 8577.3
375 545399 8577.3
376 552413 8577.3
377 499290 8577.3
378 511533 8577.3
379 486096 8577.3
380 571626 8577.3
381 597759 8577.3
382 613586 8577.3
383 595707 8577.3
384 541229 8577.3
385 510994 8577.3
386 561675 8577.3
387 534102 8577.3
388 586652 8577.3
389 540000 8577.3
390 538113 8577.3
391 505001 8577.3
392 575889 8577.3
393 548448 8577.3
394 522632 8577.3
395 502993 8577.3
396 482499 8577.3
397 530114 8577.3
398 535554 8577.3
399 535900 8577.3
400 500547 8577.3
401 497979 8577.3
402 494929 8577.3
403 454506 8577.3
404 500956 8577.3
405 515995 8577.3
406 498295 8577.3
407 501551 8577.3
408 518181 8577.3
409 525984 8577.3
410 468277 8577.3
411 421921 8577.3
412 436121 8577.3
413 436988 8577.3
414 437707 8577.3
415 451089 8577.3
416 443792 8577.3
417 464247 8577.3
418 510435 8577.3
419 485904 8577.3
420 454579 8577.3
421 416168 8577.3
422 449031 8577.3
423 440322 8577.3
424 433378 8577.3
425 457731 8577.3
426 449627 8577.3
427 458693 8577.3
428 496724 8577.3
429 514556 8577.3
430 516443 8577.3
431 494434 8577.3
432 517679 8577.3
433 499651 8577.3
434 537398 8577.3
435 585435 8577.3
436 535019 8577.3
437 551202 8577.3
438 494772 8577.3
439 528619 8577.3
440 525347 8577.3
441 540869 8577.3
442 520294 8577.3
443 552458 8577.3
444 589860 8577.3
445 583731 8577.3
446 579358 8577.3
447 538537 8577.3
448 526865 8577.3
449 477799 8577.3
450 458084 8577.3
451 447294 8577.3
452 504587 8577.3
453 531869 8577.3
454 535093 8577.3
455 516633 8577.3
456 524075 8577.3
457 482615 8577.3
458 518446 8577.3
459 561934 8577.3
460 563971 8577.3
461 544644 8577.3
462 520677 8577.3
463 506105 8577.3
464 528471 8577.3
465 525598 8577.3
466 541105 8577.3
467 546877 8577.3
468 553622 8577.3
469 594116 8577.3
470 547681 8577.3
471 470559 8577.3
472 418839 8577.3
473 448545 8577.3
474 492410 8577.3
475 464675 8577.3
476 465819 8577.3
477 485950 8577.3
478 521971 8577.3
479 476790 8577.3
480 469781 8577.3
481 504529 8577.3
482 473466 8577.3
483 531142 8577.3
484 564540 8577.3
485 519522 8577.3
486 533342 8577.3
487 564597 8577.3
488 527842 8577.3
489 473746 8577.3
490 489715 8577.3
491 504749 8577.3
492 488216 8577.3
493 533093 8577.3
494 535893 8577.3
495 518625 8577.3
496 520688 8577.3
497 529016 8577.3
498 535068 8577.3
499 552621 8577.3
500 606354 8577.3
501 634042 8577.3
502 601455 8577.3
503 642915 8577.3
504 641834 8577.3
505 665165 8577.3
506 595681 8577.3
507 581911 8577.3
508 548771 8577.3
509 527179 8577.3
510 498277 8577.3
511 572635 8577.3
512 546073 8464.4
513 575726 8464.4
514 588716 8464.4
515 597710 8464.4
516 599984 8464.4
517 638747 8464.4
518 586320 8464.4
519 596233 8464.4
520 580833 8464.4
521 583918 8464.4
522 598164 8464.4
523 542238 8464.4
524 572769 8464.4
525 533682 8464.4
526 567820 8464.4
527 545716 8464.4
528 491793 8464.4
529 445410 8464.4
530 468771 8464.4
531 436700 8464.4
532 498416 8464.4
533 518949 8464.4
534 527514 8464.4
535 467395 8464.4
536 492532 8464.4
537 449251 8186.43
538 455330 8186.43
539 456851 8186.43
540 450011 8186.43
541 454060 8186.43
542 492636 8186.43
543 438104 8186.43
544 490271 8186.43
545 508179 8186.43
546 501126 8186.43
547 491200 8186.43
548 502348 8186.43
549 559637 8186.43
550 532053 8186.43
551 516275 8186.43
552 508733 8186.43
553 507020 8186.43
554 464873 8186.43
555 481881 8186.43
556 495300 8186.43
557 507360 8186.43
558 562832 8186.43
559 569416 8186.43
560 536556 8186.43
561 518785 8186.43
562 486341 8186.43
563 567071 8186.43
564 535242 8186.43
565 483704 8186.43
566 482193 8186.43
567 551127 8186.43
568 489054 8186.43
569 538923 8186.43
570 543264 8186.43
571 471171 8186.43
572 495781 8186.43
573 497730 8186.43
574 478245 8186.43
575 429173 8186.43
576 474146 8186.43
577 492364 8186.43
578 512252 8186.43
579 497502 8186.43
580 530802 8186.43
581 523968 8186.43
582 559141 8186.43
583 563051 8186.43
584 569075 8186.43
585 532559 8186.43
586 519040 8186.43
587 569063 8186.43
588 511163 8186.43
589 475949 8186.43
590 537451 8186.43
591 523065 8186.43
592 475401 8186.43
593 500696 8186.43
594 540877 8186.43
595 555360 8186.43
596 549547 8186.43
597 552003 8186.43
598 556369 8186.43
599 547054 8186.43
600 602242 8186.43
601 588882 8186.43
602 600470 8186.43
603 586187 8186.43
604 574225 8186.43
605 617973 8186.43
606 570340 8186.43
607 521878 8186.43
608 545091 8186.43
609 509546 8186.43
610 504404 8186.43
611 515098 8186.43
612 473518 8186.43
613 455843 8186.43
614 458753 8186.43
615 505646 8186.43
616 490599 8186.43
617 493006 8186.43
618 483581 8186.43
619 475885 8186.43
620 487698 8186.43
621 461828 8186.43
622 465983 8186.43
623 445404 8186.43
624 503821 8186.43
625 537512 8186.43
626 474540 8186.43
627 469012 8186.43
628 466327 8186.43
629 512677 8186.43
630 461906 8186.43
631 491862 8186.43
632 487933 8186.43
633 463148 8186.43
634 514749 8186.43
635 544072 8186.43
636 552482 8186.43
637 488243 8186.43
638 472847 8186.43
639 467551 8186.43
640 460424 8186.43
641 465415 8186.43
642 478046 8186.43
643 514336 8186.43
644 561189 8186.43
645 584041 8186.43
646 565250 8186.43
647 565902 8186.43
648 581526 8186.43
649 547654 8186.43
650 558942 8186.43
651 545150 8186.43
652 579531 8186.43
653 535049 8186.43
654 569916 8186.43
655 552268 8186.43
656 591168 8186.43
657 585714 8186.43
658 594073 8186.43
659 574804 8186.43
660 574565 8186.43
661 505849 8186.43
662 515962 8186.43
663 563669 8186.43
664 556923 8186.43
665 541119 8186.43
666 609039 8186.43
667 589443 8186.43
668 556168 8186.43
669 563501 8186.43
670 562599 8186.43
671 529565 8186.43
672 529522 8186.43
673 566891 8186.43
674 601306 8186.43
675 583392 8186.43
676 560907 8186.43
677 507821 8186.43
678 557537 8186.43
679 600059 8186.43
680 536087 8186.43
681 520987 8186.43
682 536576 8186.43
683 534476 8186.43
684 568843 8186.43
685 540240 8186.43
686 611042 8186.43
687 643068 8186.43
688 636687 8186.43
689 673033 8186.43
690 642256 8186.43
691 702896 8186.43
692 678756 8186.43
693 606569 8186.43
694 592140 8186.43
695 640125 8186.43
696 651793 8186.43
697 638716 8186.43
698 661252 8186.43
699 625727 8186.43
700 651543 8186.43
701 590548 8186.43
702 590458 8186.43
703 622438 8186.43
704 610672 8186.43
705 574845 8186.43
706 623190 8186.43
707 573103 8186.43
708 549178 8186.43
709 567153 8186.43
710 549819 8186.43
711 552491 8186.43
712 530653 8186.43
713 547290 8186.43
714 565626 8186.43
715 527075 8186.43
716 543254 8186.43
717 493113 8186.43
718 527654 8186.43
719 496332 8186.43
720 497221 8186.43
721 535480 8186.43
722 538857 8186.43
723 531573 8186.43
724 486854 8186.43
725 459877 8186.43
726 453121 8186.43
727 478438 8186.43
728 488723 8186.43
729 513585 8186.43
730 496636 8186.43
731 512615 8186.43
732 546575 8186.43
733 543643 8186.43
734 519586 8186.43
735 492763 8186.43
736 494955 8186.43
737 476985 8186.43
738 461388 8186.43
739 479214 8186.43
740 570383 8186.43
741 598251 8186.43
742 561460 8186.43
743 489285 8186.43
744 485838 8186.43
745 494710 8186.43
746 486757 8186.43
747 509446 8186.43
748 543524 8186.43
749 567139 8186.43
750 525216 8186.43
751 501205 8186.43
752 536957 8186.43
753 479741 8186.43
754 473520 8186.43
755 469703 8186.43
756 454358 8186.43
757 474305 8186.43
758 508353 8186.43
759 506458 8186.43
760 451563 8186.43
761 463402 8186.43
762 485810 8186.43
763 479441 8186.43
764 486185 8186.43
765 467416 8186.43
766 505734 8186.43
767 521870 8186.43
768 551164 8186.43
769 532986 8186.43
770 547317 8186.43
771 545411 8186.43
772 541549 8186.43
773 531966 8186.43
774 556864 8186.43
775 522335 8186.43
776 536146 8186.43
777 545341 8186.43
778 487665 8186.43
779 556096 8186.43
780 556882 8186.43
781 540120 8186.43
782 548495 8186.43
783 611559 8186.43
784 605184 8186.43
785 661408 8186.43
786 560905 8186.43
787 538204 8186.43
788 534793 8186.43
789 530789 8186.43
790 502741 8186.43
791 520534 8186.43
792 543833 8186.43
793 526051 8186.43
794 518432 8186.43
795 527600 8186.43
796 565400 8186.43
797 597709 8186.43
798 630912 8186.43
799 597413 8186.43
800 524035 8186.43
801 527416 8186.43
802 541105 8186.43
803 568403 8186.43
804 574734 8186.43
805 583805 8186.43
806 600340 8186.43
807 608571 8186.43
808 593679 8186.43
809 621244 8186.43
810 608756 8186.43
811 627511 8186.43
812 607904 8186.43
813 599904 8186.43
814 610838 8186.43
815 613923 8186.43
816 573098 8186.43
817 550820 8186.43
818 541713 8186.43
819 564959 8186.43
820 530191 8186.43
821 513508 8186.43
822 484313 8186.43
823 497225 8186.43
824 485911 8186.43
825 521996 8186.43
826 507052 8186.43
827 565367 8186.43
828 546611 8186.43
829 552988 8186.43
830 576715 8186.43
831 532086 8186.43
832 519616 8186.43
833 504672 8186.43
834 491600 8186.43
835 543835 8186.43
836 512643 8186.43
837 530480 8186.43
838 566507 8186.43
839 544870 8186.43
840 534280 8186.43
841 525862 8186.43
842 541761 8186.43
843 578172 8186.43
844 599496 8186.43
845 608346 8186.43
846 528017 8186.43
847 534911 8186.43
848 539066 8186.43
849 464813 8186.43
850 507022 8186.43
851 479073 8186.43
852 514990 8186.43
853 519462 8186.43
854 528990 8186.43
855 484577 8186.43
856 474271 8186.43
857 508915 8186.43
858 516903 8186.43
859 532733 8186.43
860 524421 8186.43
861 491954 8186.43
862 476604 8186.43
863 476520 8186.43
864 501359 8186.43
865 523126 8186.43
866 505374 8186.43
867 495662 8186.43
868 472482 8186.43
869 496746 8186.43
870 521241 8186.43
871 539423 8186.43
872 544590 8186.43
873 520422 8186.43
874 532680 8186.43
875 498701 8186.43
876 494368 8186.43
877 477333 8186.43
878 506713 8186.43
879 472613 8186.43
880 509029 8186.43
881 468397 8186.43
882 530339 8186.43
883 550806 8186.43
884 492248 8186.43
885 526873 8186.43
886 486360 8186.43
887 490371 8186.43
888 527655 8186.43
889 543881 8186.43
890 576884 8186.43
891 593151 8186.43
892 548050 8186.43
893 560915 8186.43
894 519869 8186.43
895 543360 8186.43
896 510481 8186.43
897 530161 8186.43
898 545451 8186.43
899 515469 8186.43
900 513432 8186.43
901 557421 8186.43
902 557648 8186.43
903 566106 8186.43
904 559864 8186.43
905 542778 8186.43
906 555791 8186.43
907 532990 7809.31
908 548218 7809.31
909 567079 7809.31
910 562730 7809.31
911 586485 7809.31
912 621113 7809.31
913 599076 7809.31
914 560690 7809.31
915 585475 7809.31
916 580993 7809.31
917 599897 7809.31
918 539873 7809.31
919 537500 7809.31
920 570117 7809.31
921 530427 7809.31
922 538793 7809.31
923 556741 7809.31
924 555532 7809.31
925 558689 7809.31
926 568349 7809.31
927 537977 7809.31
928 487155 7809.31
929 481909 7809.31
930 472984 7809.31
931 524493 7809.31
932 560839 7809.31
933 503883 7809.31
934 488603 7809.31
935 473819 7809.31
936 485987 7809.31
937 446725 7809.31
938 478787 7809.31
939 476819 7809.31
940 449880 7809.31
941 488351 7809.31
942 512137 7809.31
943 492166 7809.31
944 477548 7809.31
945 498598 7809.31
946 515850 7809.31
947 524334 7809.31
948 590041 7809.31
949 494890 7809.31
950 536946 7809.31
951 524202 7809.31
952 552622 7809.31
953 541890 7809.31
954 545326 7809.31
955 596210 7809.31
956 576203 7809.31
957 570565 7809.31
958 567649 7809.31
959 585305 7809.31
960 563417 7809.31
961 572373 7809.31
962 615365 7809.31
963 630102 7809.31
964 603198 7809.31
965 578873 7809.31
966 548032 7809.31
967 542902 7809.31
968 529725 7809.31
969 544879 7809.31
970 541973 7809.31
971 576230 7809.31
972 571626 7809.31
973 540143 7809.31
974 547269 7809.31
975 549460 7809.31
976 543508 7809.31
977 567693 7809.31
978 546439 7809.31
979 589820 7765.69
980 550329 7765.69
981 536773 7765.69
982 474925 7765.69
983 433672 7765.69
984 486242 7765.69
985 479926 7765.69
986 514444 7765.69
987 528449 7765.69
988 518307 4802.32
989 452907 4802.32
990 505026 4802.32
991 497618 4802.32
992 533795 4802.32
993 499751 4802.32
994 489006 4802.32
995 452582 4802.32
996 502165 4802.32
997 545623 4802.32
998 565994 4802.32
999 543643 4802.32
1000 589106 4802.32
1001 530485 4802.32
1002 551194 4802.32
1003 521536 4802.32
1004 481512 4802.32
1005 490464 4802.32
1006 418967 4802.32
1007 437987 4802.32
1008 420736 4802.32
1009 462568 4802.32
1010 488369 4802.32
1011 497511 4802.32
1012 432407 4802.32
1013 434394 4802.32
1014 423014 4802.32
1015 428213 4802.32
1016 430171 4802.32
1017 467926 4802.32
1018 453927 4802.32
1019 456105 4802.32
1020 437770 4802.32
1021 439715 4802.32
1022 455440 4802.32
1023 516734 4802.32
1024 496746 4802.32
1025 443746 4802.32
1026 413037 4802.32
1027 473601 4802.32
1028 495044 4802.32
1029 511135 4802.32
1030 536121 4802.32
1031 546234 4802.32
1032 556352 4802.32
1033 552811 4802.32
1034 593073 4802.32
1035 551934 4802.32
1036 491193 4802.32
1037 538320 4802.32
1038 536936 4802.32
1039 523858 4802.32
1040 539189 4802.32
1041 528922 4802.32
1042 505383 4802.32
1043 524341 4802.32
1044 559915 4802.32
1045 550948 4802.32
1046 566308 4802.32
1047 544029 4802.32
1048 574016 4802.32
1049 557283 4802.32
1050 522349 4802.32
1051 512819 4802.32
1052 519066 4802.32
1053 497929 4802.32
1054 449965 4802.32
1055 483537 4802.32
1056 503043 4802.32
1057 539278 4802.32
1058 580246 4802.32
1059 556055 4802.32
1060 503556 4802.32
1061 534411 4802.32
1062 549146 4802.32
1063 559434 4802.32
1064 489894 4802.32
1065 476231 4802.32
1066 522418 4802.32
1067 522782 4802.32
1068 519077 4802.32
1069 474945 4802.32
1070 510103 4802.32
1071 434083 4802.32
1072 462579 4802.32
1073 469941 4802.32
1074 456806 4802.32
1075 394978 4802.32
1076 465283 4802.32
1077 464936 4802.32
1078 515976 4802.32
1079 469890 4802.32
1080 435539 4802.32
1081 440211 4802.32
1082 492023 4802.32
1083 451469 4802.32
1084 448721 4802.32
1085 488278 4802.32
1086 511670 4802.32
1087 487085 4802.32
1088 486364 4802.32
1089 491142 4802.32
1090 499125 4802.32
1091 550400 4802.32
1092 508690 4802.32
1093 534488 4802.32
1094 525637 4802.32
1095 557232 4802.32
1096 578580 4802.32
1097 580290 4802.32
1098 566935 4802.32
1099 531446 4802.32
1100 519420 4802.32
1101 541365 4802.32
1102 606338 4802.32
1103 577704 4802.32
1104 576750 4802.32
1105 596481 4802.32
1106 611499 4802.32
1107 547422 4802.32
1108 535801 4802.32
1109 556059 4802.32
1110 543039 4802.32
1111 567236 4802.32
1112 543372 4802.32
1113 585284 4802.32
1114 579283 4802.32
1115 543232 4802.32
1116 571906 4802.32
1117 529462 4802.32
1118 560297 4802.32
1119 540796 4802.32
1120 582600 4802.32
1121 534953 4802.32
1122 566403 4802.32
1123 545488 4802.32
1124 533090 4802.32
1125 574066 4802.32
1126 587593 4802.32
1127 600428 4802.32
1128 588554 4802.32
1129 492743 4802.32
1130 503804 4802.32
1131 452254 4802.32
1132 468494 4802.32
1133 431727 4802.32
1134 465005 4802.32
1135 525333 4802.32
1136 539309 4802.32
1137 490194 4802.32
1138 495516 4802.32
1139 528289 4802.32
1140 537995 4802.32
1141 504214 4802.32
1142 546675 4802.32
1143 524283 4802.32
1144 509288 4802.32
1145 487291 4802.32
1146 468464 4802.32
1147 412249 4802.32
1148 466870 4802.32
1149 447590 4802.32
1150 468892 4802.32
1151 454753 4802.32
1152 478423 4082.18
1153 500763 4082.18
1154 498968 4082.18
1155 512029 4082.18
1156 462334 4082.18
1157 485185 4082.18
1158 522952 4082.18
1159 469255 4082.18
1160 459393 4082.18
1161 488122 4082.18
1162 491946 4082.18
1163 520617 4082.18
1164 583413 4082.18
1165 538858 4082.18
1166 538679 4082.18
1167 530867 4082.18
1168 466953 4082.18
1169 505399 4082.18
1170 510107 4082.18
1171 527634 4082.18
1172 557762 4082.18
1173 545797 4082.18
1174 561140 4082.18
1175 547936 4082.18
1176 579268 4082.18
1177 582581 4082.18
1178 557358 4082.18
1179 566657 4082.18
1180 526953 4082.18
1181 574137 4082.18
1182 599110 4082.18
1183 624250 4082.18
1184 608142 4082.18
1185 611155 4082.18
1186 662653 4082.18
1187 685673 4082.18
1188 678760 4082.18
1189 660524 4082.18
1190 645498 4082.18
1191 619954 4082.18
1192 658824 4082.18
1193 676908 4082.18
1194 598896 4082.18
1195 557153 4082.18
1196 555398 4082.18
1197 560562 4082.18
1198 570025 4082.18
1199 569523 4082.18
1200 579911 4082.18
1201 585052 4082.18
1202 587743 4082.18
1203 621683 4082.18
1204 608213 4082.18
1205 577046 4082.18
1206 586659 4082.18
1207 555425 4082.18
1208 509313 4082.18
1209 472020 4082.18
1210 493045 4082.18
1211 547474 4082.18
1212 573109 4082.18
1213 559767 4082.18
1214 595596 4082.18
1215 531193 4082.18
1216 532250 4082.18
1217 494590 4082.18
1218 539999 4082.18
1219 557892 4082.18
1220 528442 4082.18
1221 521042 4082.18
1222 554946 4082.18
1223 549547 4082.18
1224 542487 4082.18
1225 539659 4082.18
1226 538587 4082.18
1227 549481 4082.18
1228 486697 4082.18
1229 508587 4082.18
1230 526231 4082.18
1231 547072 4082.18
1232 578243 4082.18
1233 595174 4082.18
1234 544337 4082.18
1235 564657 4082.18
1236 555004 4082.18
1237 558376 4082.18
1238 592019 4082.18
1239 525717 4082.18
1240 513335 4082.18
1241 521947 4082.18
1242 564017 4082.18
1243 542574 4082.18
1244 559548 4082.18
1245 573865 4082.18
1246 590623 4082.18
1247 561580 4082.18
1248 553177 4082.18
1249 586839 4082.18
1250 565867 4082.18
1251 592211 4082.18
1252 610746 4082.18
1253 609510 4082.18
1254 570168 4082.18
1255 563897 4082.18
1256 555444 4082.18
1257 539069 4082.18
1258 501877 4082.18
1259 477126 4082.18
1260 489332 4082.18
1261 520937 4082.18
1262 529477 4082.18
1263 465359 4082.18
1264 542664 4082.18
1265 560038 4082.18
1266 515471 4082.18
1267 564530 4082.18
1268 560619 4082.18
1269 591064 4082.18
1270 558925 4082.18
1271 613052 4082.18
1272 592970 4082.18
1273 582966 4082.18
1274 523500 4082.18
1275 477648 4082.18
1276 492667 4082.18
1277 459315 4082.18
1278 515201 4082.18
1279 555410 4082.18
1280 592582 4082.18
1281 597142 4082.18
1282 568014 4082.18
1283 581520 4082.18
1284 572690 4082.18
1285 495437 4082.18
1286 509826 4082.18
1287 528478 4082.18
1288 517787 4082.18
1289 471636 4082.18
1290 506530 4082.18
1291 506856 4082.18
1292 538147 4082.18
1293 549620 4082.18
1294 539825 4082.18
1295 532247 4082.18
1296 549258 4082.18
1297 552966 4082.18
1298 562051 4082.18
1299 521287 4082.18
1300 520802 4082.18
1301 494576 4082.18
1302 527598 4082.18
1303 553404 4082.18
1304 548509 4082.18
1305 594648 4082.18
1306 551690 4082.18
1307 547271 4082.18
1308 589604 4082.18
1309 581619 4082.18
1310 573065 4082.18
1311 545057 4082.18
1312 528218 4082.18
1313 530449 4082.18
1314 535699 4082.18
1315 580944 4082.18
1316 560360 4082.18
1317 550379 4082.18
1318 578223 4082.18
1319 559680 4082.18
1320 546338 4082.18
1321 533976 4082.18
1322 532050 4082.18
1323 568514 4082.18
1324 592934 4082.18
1325 548858 4082.18
1326 523644 4082.18
1327 510196 4082.18
1328 517750 4082.18
1329 527312 4082.18
1330 503017 4082.18
1331 497389 4082.18
1332 521796 4082.18
1333 557971 4082.18
1334 532784 4082.18
1335 519689 4082.18
1336 531406 4082.18
1337 499518 4082.18
1338 560291 4082.18
1339 511926 4082.18
1340 505260 4082.18
1341 468411 4082.18
1342 494754 4082.18
1343 502041 4082.18
1344 519738 4082.18
1345 490396 4082.18
1346 507674 4082.18
1347 548402 4082.18
1348 549660 4082.18
1349 545816 4082.18
1350 574547 4082.18
1351 588700 4082.18
1352 612198 4082.18
1353 599779 4082.18
1354 624034 4082.18
1355 590032 4082.18
1356 548247 4082.18
1357 634912 4082.18
1358 595519 4082.18
1359 534625 4082.18
1360 564832 4082.18
1361 522983 4082.18
1362 540353 4082.18
1363 484446 4082.18
1364 489999 4082.18
1365 543782 4082.18
1366 507614 4082.18
1367 529323 4082.18
1368 481192 4082.18
1369 485117 4082.18
1370 454886 4082.18
1371 462443 4082.18
1372 399919 4082.18
1373 406751 4082.18
1374 431652 4082.18
1375 426502 4082.18
1376 488345 4082.18
1377 475845 4082.18
1378 470809 4082.18
1379 484016 4082.18
1380 533004 4082.18
1381 518973 4082.18
1382 497326 4082.18
1383 505742 4082.18
1384 508515 4082.18
1385 537009 4082.18
1386 492822 4082.18
1387 542060 4082.18
1388 572245 4082.18
1389 559220 4082.18
1390 557066 4082.18
1391 560767 4082.18
1392 596962 4082.18
1393 625482 4082.18
1394 573889 4082.18
1395 572884 4082.18
1396 619062 4082.18
1397 618452 4082.18
1398 620856 4082.18
1399 616153 4082.18
1400 617203 4082.18
1401 647468 4082.18
1402 595985 4082.18
1403 621696 4082.18
1404 651027 4082.18
1405 601449 4082.18
1406 546014 4082.18
1407 612331 4082.18
1408 571993 4082.18
1409 618762 4082.18
1410 651060 4082.18
1411 662456 4082.18
1412 630505 4082.18
1413 645858 4082.18
1414 613890 4082.18
1415 664796 4082.18
1416 643871 4082.18
1417 640604 4082.18
1418 642166 4082.18
1419 632860 4082.18
1420 630152 4082.18
1421 594804 4082.18
1422 547403 4082.18
1423 561823 4082.18
1424 556224 4082.18
1425 575647 4082.18
1426 522063 4082.18
1427 561995 4082.18
1428 530910 4082.18
1429 577045 4082.18
1430 588120 4082.18
1431 605276 4082.18
1432 596590 4082.18
1433 573572 4082.18
1434 572219 4082.18
1435 600889 4082.18
1436 574322 4082.18
1437 518976 4082.18
1438 493671 4082.18
1439 542371 4082.18
1440 525917 4082.18
1441 523381 4082.18
1442 549098 4082.18
1443 528454 4082.18
1444 508043 4082.18
1445 522533 4082.18
1446 511473 4082.18
1447 514162 4082.18
1448 500025 4082.18
1449 549226 4082.18
1450 527979 4082.18
1451 533703 4082.18
1452 527697 4082.18
1453 575883 4082.18
1454 597731 4082.18
1455 549474 4082.18
1456 532330 4082.18
1457 554919 4082.18
1458 602385 4082.18
1459 568183 4082.18
1460 543548 4082.18
1461 575000 4082.18
1462 584295 4082.18
1463 517954 4082.18
1464 489153 4082.18
1465 497208 4082.18
1466 519358 4082.18
1467 515036 4082.18
1468 496553 4082.18
1469 534537 4082.18
1470 575122 4082.18
1471 552023 4082.18
1472 528373 4082.18
1473 536634 4082.18
1474 572611 4082.18
1475 499305 4082.18
1476 525766 4082.18
1477 530620 4082.18
1478 541363 4082.18
1479 522705 4082.18
1480 525178 4082.18
1481 506112 4082.18
1482 476209 4082.18
1483 518980 4082.18
1484 517209 4082.18
1485 561042 4082.18
1486 580624 4082.18
1487 560526 4082.18
1488 571023 4082.18
1489 548389 4082.18
1490 501377 4082.18
1491 538912 4082.18
1492 524838 4082.18
1493 545682 4082.18
1494 537759 4082.18
1495 548469 4082.18
1496 568013 4082.18
1497 572142 4082.18
1498 569557 4082.18
1499 535185 4082.18
1500 501842 4082.18
