1 1.0019e+06 327299
2 858188 327299
3 838164 327299
4 798424 326069
5 749288 281289
6 746162 182672
7 738117 182672
8 704832 182672
9 700533 182672
10 688041 182672
11 630536 182672
12 623919 182672
13 636761 162121
14 620540 162121
15 570082 150995
16 589009 139175
17 584203 139175
18 553538 86650.9
19 583438 86650.9
20 579374 86650.9
21 573282 86650.9
22 514711 86650.9
23 516725 81891
24 540610 81891
25 587271 81891
26 541860 81891
27 510411 81891
28 504548 62009.3
29 505671 62009.3
30 550030 62009.3
31 530119 62009.3
32 557009 62009.3
33 522286 62009.3
34 484742 62009.3
35 472445 62009.3
36 471660 62009.3
37 494065 62009.3
38 472929 62009.3
39 470595 62009.3
40 503524 62009.3
41 542522 59960.4
42 547908 39343.3
43 547262 39343.3
44 559594 39343.3
45 529005 39343.3
46 497167 39343.3
47 494300 39343.3
48 433968 39343.3
49 412682 39343.3
50 456902 39343.3
51 463394 39343.3
52 508668 39343.3
53 528234 39343.3
54 558104 39343.3
55 572705 39343.3
56 576058 39343.3
57 503963 39343.3
58 488046 39343.3
59 565532 39343.3
60 507297 39343.3
61 516656 39343.3
62 564486 39343.3
63 582405 39343.3
64 614143 39343.3
65 571031 39343.3
66 561409 39343.3
67 569993 39343.3
68 554702 39343.3
69 601992 39343.3
70 589726 39343.3
71 584400 39343.3
72 552395 39343.3
73 536301 39343.3
74 517752 39343.3
75 518806 39343.3
76 519987 39343.3
77 521520 39343.3
78 556986 39343.3
79 603266 39343.3
80 568589 39343.3
81 541390 39343.3
82 546185 39343.3
83 588739 39343.3
84 579284 38301.5
85 547009 38301.5
86 519652 38301.5
87 543289 38301.5
88 543692 38301.5
89 533354 38301.5
90 496540 38301.5
91 518137 38301.5
92 502902 38301.5
93 521486 38301.5
94 538350 38301.5
95 534291 38301.5
96 545275 38301.5
97 557515 38301.5
98 592463 38301.5
99 647676 38301.5
100 642027 32264.5
101 614982 29758.1
102 598875 29758.1
103 594401 29758.1
104 623706 29758.1
105 619929 29758.1
106 585925 29758.1
107 577991 29758.1
108 628996 29758.1
109 595327 29758.1
110 594295 29758.1
111 565579 29758.1
112 578025 29758.1
113 572709 19865.6
114 525805 19865.6
115 532787 19865.6
116 566235 19865.6
117 580019 19865.6
118 582967 19865.6
119 606941 19865.6
120 579474 19865.6
121 568502 19865.6
122 600190 19865.6
123 572125 19865.6
124 563719 19865.6
125 521646 19865.6
126 505185 19865.6
127 516917 19747
128 517011 19747
129 517485 19747
130 549708 19747
131 545266 19747
132 572576 19747
133 574154 19747
134 520727 19747
135 503592 19747
136 477006 19747
137 471052 19747
138 466987 19747
139 455985 19747
140 472460 19747
141 509135 19747
142 529092 19747
143 542722 19747
144 501570 19747
145 456036 19747
146 458771 19747
147 473352 19747
148 501391 19747
149 545283 19747
150 541266 19747
151 538734 19234
152 529117 19234
153 510878 19234
154 530790 19234
155 461120 19234
156 464475 18965.4
157 494851 18965.4
158 467985 18965.4
159 503301 18965.4
160 485809 18965.4
161 517914 18965.4
162 547465 18965.4
163 561636 18965.4
164 531349 18965.4
165 505268 18965.4
166 538037 18965.4
167 541703 18965.4
168 558356 18965.4
169 505579 18965.4
170 534578 18965.4
171 529487 18965.4
172 514931 18965.4
173 517133 18965.4
174 479904 18965.4
175 497510 18965.4
176 520895 18965.4
177 493727 18965.4
178 487782 18965.4
179 512923 18965.4
180 488188 18965.4
181 499331 18965.4
182 485468 18965.4
183 540323 18965.4
184 545365 18965.4
185 519177 18965.4
186 541523 18965.4
187 525484 18965.4
188 495507 13948.8
189 526024 13948.8
190 525654 13948.8
191 537768 13948.8
192 528692 13948.8
193 514343 13948.8
194 471469 13948.8
195 446348 13948.8
196 473133 13948.8
197 457065 13948.8
198 476967 13948.8
199 434397 13948.8
200 474278 13948.8
201 450540 13948.8
202 480414 13948.8
203 467443 13948.8
204 532244 13948.8
205 529817 13948.8
206 512376 13948.8
207 590247 13948.8
208 583563 13948.8
209 544467 13948.8
210 555574 13948.8
211 602316 13948.8
212 577637 13948.8
213 594207 13948.8
214 566978 13948.8
215 565435 13948.8
216 522130 13046.8
217 514094 13046.8
218 536343 13046.8
219 528614 13046.8
220 564155 13046.8
221 525429 13046.8
222 537525 13046.8
223 562064 11603
224 542245 11603
225 550128 11603
226 490504 11603
227 471976 11603
228 500812 11603
229 501544 11603
230 501615 11603
231 500770 11603
232 496069 11603
233 523107 11603
234 568706 11603
235 580390 11603
236 494598 11603
237 512453 11603
238 516552 11603
239 458360 11603
240 466218 11603
241 456745 11603
242 495048 11603
243 453241 11603
244 481467 11603
245 464011 11603
246 528606 11603
247 517037 11603
248 515222 11603
249 506453 11603
250 547062 11603
251 550760 11603
252 550276 10302.6
253 526667 10302.6
254 535477 7800.95
255 529856 7800.95
256 563885 7800.95
257 548482 7800.95
258 553390 7800.95
259 514610 7800.95
260 537711 7800.95
261 540923 7800.95
262 550843 7800.95
263 562267 7800.95
264 573989 7800.95
265 548897 7800.95
266 515569 7800.95
267 468899 7800.95
268 486747 7800.95
269 457135 7800.95
270 479022 7800.95
271 476589 7800.95
272 524326 7800.95
273 487688 7800.95
274 492238 7800.95
275 457527 7800.95
276 481550 7800.95
277 520717 7800.95
278 531622 7800.95
279 506150 7800.95
280 523583 7800.95
281 556942 7800.95
282 544740 7800.95
283 496922 7800.95
284 452382 7800.95
285 453399 7800.95
286 430297 7800.95
287 456696 7800.95
288 459402 7800.95
289 480904 7800.95
290 499753 7800.95
291 475890 7800.95
292 478641 7800.95
293 506121 7800.95
294 512186 7800.95
295 524393 7800.95
296 495182 7800.95
297 481898 7800.95
298 476879 7800.95
299 493942 7800.95
300 534885 7800.95
301 493699 7800.95
302 474742 7800.95
303 468669 7800.95
304 489666 7800.95
305 523703 7800.95
306 503716 7800.95
307 490103 7800.95
308 470335 7800.95
309 490701 7800.95
310 497613 7800.95
311 524141 7800.95
312 519416 7800.95
313 512460 7800.95
314 499985 7800.95
315 455630 7800.95
316 494919 7800.95
317 450993 7800.95
318 475572 7800.95
319 468083 7800.95
320 465794 7800.95
321 498059 7800.95
322 513805 7800.95
323 514437 7800.95
324 490558 7800.95
325 467936 7800.95
326 490507 7684.72
327 470694 7684.72
328 493231 7684.72
329 541355 7684.72
330 508921 7684.72
331 556492 7684.72
332 522328 7684.72
333 565073 7684.72
334 623148 7684.72
335 608116 7684.72
336 554656 7684.72
337 563597 7684.72
338 561662 7684.72
339 537445 7684.72
340 520714 7684.72
341 549401 7684.72
342 536760 7684.72
343 527150 7684.72
344 517174 7684.72
345 540668 7684.72
346 521052 7684.72
347 523985 7684.72
348 549530 7684.72
349 521673 7684.72
350 450562 7684.72
351 516891 7684.72
352 509405 7684.72
353 494173 7684.72
354 423637 7684.72
355 444010 7684.72
356 446470 7684.72
357 405429 7684.72
358 410051 7684.72
359 446771 7684.72
360 404898 7684.72
361 419526 7684.72
362 426461 7684.72
363 439953 7684.72
364 457705 7684.72
365 409864 7684.72
366 442702 7684.72
367 427638 7684.72
368 484587 7684.72
369 439168 7684.72
370 395682 7684.72
371 430890 7684.72
372 457462 7684.72
373 443282 7684.72
374 468010 7684.72
375 511957 7684.72
376 498691 7684.72
377 509720 7684.72
378 550001 7684.72
379 542236 7684.72
380 525529 7684.72
381 518939 7684.72
382 509658 7684.72
383 485556 7684.72
384 476782 7684.72
385 501325 7684.72
386 530289 7684.72
387 487764 7684.72
388 512888 7684.72
389 552038 7684.72
390 585680 7684.72
391 569772 7684.72
392 596967 7684.72
393 571872 7684.72
394 569180 7684.72
395 589397 7684.72
396 566865 7684.72
397 590602 7684.72
398 537574 7684.72
399 491715 7684.72
400 513308 7684.72
401 545271 7684.72
402 541264 7684.72
403 547714 7684.72
404 549092 7684.72
405 533745 7684.72
406 527645 7684.72
407 509780 7684.72
408 494686 7684.72
409 515933 7684.72
410 469004 7684.72
411 484858 7684.72
412 491765 7684.72
413 516052 7684.72
414 544823 7684.72
415 503976 7684.72
416 534771 7684.72
417 536946 7684.72
418 521219 7684.72
419 539872 7684.72
420 513310 7684.72
421 570093 7684.72
422 512469 7684.72
423 534809 7684.72
424 497176 7684.72
425 479331 7684.72
426 462638 7684.72
427 533877 7684.72
428 558684 7684.72
429 515164 7684.72
430 493474 7684.72
431 509815 7684.72
432 547689 7684.72
433 563713 7684.72
434 573362 7684.72
435 550526 7684.72
436 511670 7684.72
437 487420 7684.72
438 496761 7684.72
439 491654 7684.72
440 456712 7684.72
441 499862 7684.72
442 518401 7684.72
443 460301 7684.72
444 450304 7684.72
445 400896 7684.72
446 446500 4339.77
447 445625 4337.61
448 418781 4337.61
449 398907 4337.61
450 413441 4337.61
451 421194 4337.61
452 403018 4337.61
453 395158 4337.61
454 387712 4337.61
455 436081 4337.61
456 426172 4337.61
457 433680 4337.61
458 430873 4337.61
459 445208 4337.61
460 505766 4337.61
461 498021 4337.61
462 547514 4337.61
463 558801 4337.61
464 574413 4337.61
465 526101 4337.61
466 567314 4337.61
467 543340 4337.61
468 525910 4337.61
469 558379 4337.61
470 572102 4337.61
471 607023 4337.61
472 588025 4337.61
473 598523 4337.61
474 576271 4337.61
475 524242 4337.61
476 534634 4337.61
477 549991 4337.61
478 531495 4337.61
479 530441 4337.61
480 494876 4337.61
481 475967 4337.61
482 507071 4337.61
483 532412 4337.61
484 525427 4337.61
485 506113 4337.61
486 464788 4337.61
487 546792 4337.61
488 512747 4337.61
489 467021 4337.61
490 447046 4337.61
491 438369 4337.61
492 419533 4337.61
493 498839 4337.61
494 467762 4337.61
495 442908 4337.61
496 454665 4337.61
497 497934 4337.61
498 490641 4337.61
499 507097 4337.61
500 445877 4337.61
501 441077 4337.61
502 478254 4337.61
503 474276 4337.61
504 477084 4337.61
505 425620 4337.61
506 519695 4337.61
507 491206 4337.61
508 523904 4337.61
509 569465 4337.61
510 511710 4337.61
511 489938 4337.61
512 527206 4337.61
513 504255 4337.61
514 508766 4337.61
515 543654 4337.61
516 529712 4337.61
517 566030 4337.61
518 573846 4337.61
519 608521 4337.61
520 595472 4337.61
521 571827 4337.61
522 560437 4337.61
523 588378 4337.61
524 560232 4337.61
525 517843 4337.61
526 492321 4337.61
527 497872 4337.61
528 528787 4337.61
529 531258 4337.61
530 549058 4337.61
531 588053 4337.61
532 584921 4337.61
533 560727 4337.61
534 583220 4337.61
535 532994 4337.61
536 551494 4337.61
537 511949 4337.61
538 527017 4337.61
539 519982 4337.61
540 525098 4337.61
541 577586 4337.61
542 601763 4337.61
543 589043 4337.61
544 520783 4337.61
545 486971 4337.61
546 504914 4337.61
547 494472 4337.61
548 503277 4337.61
549 497538 4337.61
550 461753 4337.61
551 437400 4337.61
552 504310 4337.61
553 449519 4337.61
554 472141 4337.61
555 476991 4337.61
556 489150 4337.61
557 506320 4337.61
558 532133 4337.61
559 550190 4337.61
560 533265 4337.61
561 528089 4337.61
562 525157 4337.61
563 553109 4337.61
564 567536 4337.61
565 557854 4337.61
566 551487 4337.61
567 508641 4337.61
568 562176 4337.61
569 547418 4337.61
570 502065 4337.61
571 517184 4337.61
572 487989 4337.61
573 482610 4337.61
574 504876 4337.61
575 475126 4337.61
576 451759 4337.61
577 472862 4337.61
578 537307 4337.61
579 526543 4337.61
580 543611 4337.61
581 567497 4337.61
582 563702 4337.61
583 539170 4337.61
584 553281 4337.61
585 509741 4337.61
586 424089 4337.61
587 489221 4337.61
588 518132 4337.61
589 530369 4337.61
590 555400 4337.61
591 531342 4337.61
592 519114 4337.61
593 503174 4337.61
594 520948 4337.61
595 485782 4337.61
596 505259 4337.61
597 543006 4337.61
598 556259 4337.61
599 556729 4337.61
600 489976 4337.61
601 508918 4337.61
602 506198 4337.61
603 515911 4337.61
604 512705 4337.61
605 489652 4337.61
606 459566 4337.61
607 453263 4337.61
608 430400 4337.61
609 477331 4337.61
610 493169 4337.61
611 508091 4337.61
612 505743 4337.61
613 486207 4337.61
614 548033 4337.61
615 546172 4337.61
616 532294 4337.61
617 512465 4337.61
618 541303 4337.61
619 539843 4337.61
620 531400 4337.61
621 556019 4337.61
622 531301 4337.61
623 531515 4337.61
624 566865 4337.61
625 551677 4337.61
626 526997 4337.61
627 548677 4337.61
628 517470 4337.61
629 535530 4337.61
630 560194 4337.61
631 535182 4337.61
632 490600 4337.61
633 480268 4337.61
634 502376 4337.61
635 511309 4337.61
636 529766 4337.61
637 575211 4337.61
638 600229 4337.61
639 611413 4337.61
640 575775 4337.61
641 536263 4337.61
642 546486 4337.61
643 558824 4337.61
644 516153 4337.61
645 511139 4337.61
646 501485 4337.61
647 481286 4337.61
648 421563 4337.61
649 384850 4337.61
650 405929 4337.61
651 411494 4337.61
652 449487 4337.61
653 462434 4337.61
654 504163 4337.61
655 471765 4337.61
656 524911 4337.61
657 455849 4337.61
658 492808 4337.61
659 485142 4337.61
660 485637 4337.61
661 518366 4337.61
662 488946 4337.61
663 464399 4337.61
664 497508 4337.61
665 488487 4337.61
666 415689 4337.61
667 414582 4337.61
668 448130 4337.61
669 436478 4337.61
670 408557 4337.61
671 435111 4337.61
672 432617 4337.61
673 476048 4337.61
674 450541 4337.61
675 455811 4337.61
676 499162 4337.61
677 464558 4337.61
678 478123 4337.61
679 546531 4337.61
680 503230 4337.61
681 511284 4337.61
682 525433 4337.61
683 545198 4337.61
684 539655 4337.61
685 547795 4337.61
686 501840 4337.61
687 553305 4337.61
688 557170 4337.61
689 522334 4337.61
690 496970 4337.61
691 498243 4337.61
692 496077 4337.61
693 493511 4337.61
694 519354 4337.61
695 543781 4337.61
696 545880 4337.61
697 508606 4337.61
698 544315 4337.61
699 575677 4337.61
700 541822 4337.61
701 483957 4337.61
702 449013 4337.61
703 458626 4337.61
704 453411 4337.61
705 458740 4337.61
706 479006 4337.61
707 447839 4337.61
708 462607 4337.61
709 492133 4337.61
710 496885 4337.61
711 474095 4337.61
712 437381 4337.61
713 494062 4337.61
714 506047 4337.61
715 560062 4337.61
716 531532 4337.61
717 573910 4337.61
718 572831 4337.61
719 543628 4337.61
720 552011 4337.61
721 524725 4337.61
722 534719 4337.61
723 521446 4337.61
724 533578 4337.61
725 555908 4337.61
726 530458 4337.61
727 591439 4337.61
728 612342 4337.61
729 558102 4337.61
730 531774 4337.61
731 555064 4337.61
732 576566 4337.61
733 550598 4337.61
734 564181 4337.61
735 579353 4337.61
736 575622 4337.61
737 637196 4337.61
738 638155 4337.61
739 609853 4337.61
740 648022 4337.61
741 704707 4337.61
742 606977 4337.61
743 574675 4337.61
744 616532 4337.61
745 638704 4337.61
746 622560 4337.61
747 635093 4337.61
748 598860 4337.61
749 586846 4337.61
750 585075 4337.61
751 604080 4337.61
752 543139 4337.61
753 584553 4337.61
754 549859 4337.61
755 554484 4337.61
756 589866 4337.61
757 628445 4337.61
758 591407 4337.61
759 604474 4337.61
760 562171 4337.61
761 561060 4337.61
762 520475 4337.61
763 473372 4337.61
764 470920 4337.61
765 442389 4337.61
766 505455 4337.61
767 512390 4337.61
768 481459 4337.61
769 494065 4337.61
770 568578 4337.61
771 512815 4337.61
772 560671 4337.61
773 510707 4337.61
774 527399 4337.61
775 532669 4337.61
776 549265 4337.61
777 554531 4337.61
778 561445 4337.61
779 593940 4337.61
780 637185 4337.61
781 615013 4337.61
782 603426 4337.61
783 584206 4337.61
784 505227 4337.61
785 520604 4337.61
786 550274 4337.61
787 598246 4337.61
788 537797 4337.61
789 538457 4337.61
790 559351 4337.61
791 552050 4337.61
792 549773 4337.61
793 513694 4337.61
794 528673 4337.61
795 493624 4337.61
796 450170 4337.61
797 468957 4337.61
798 478900 4337.61
799 511763 4337.61
800 526939 4337.61
801 497803 4337.61
802 469484 4337.61
803 540498 4337.61
804 568048 4337.61
805 526045 4337.61
806 552635 4337.61
807 521656 4071.22
808 499095 4071.22
809 563546 4071.22
810 555677 4071.22
811 520559 4071.22
812 478213 4071.22
813 498855 4071.22
814 468434 4071.22
815 533990 4071.22
816 457153 4071.22
817 453706 4071.22
818 449281 4071.22
819 518046 4071.22
820 509874 4071.22
821 508604 4071.22
822 501056 4071.22
823 515636 4071.22
824 522780 4071.22
825 549261 4071.22
826 550356 4071.22
827 558583 4071.22
828 538570 4071.22
829 511761 4071.22
830 519013 4071.22
831 534290 4071.22
832 487472 4071.22
833 480007 4071.22
834 461092 4071.22
835 469997 4071.22
836 507299 4071.22
837 492841 4071.22
838 508157 4071.22
839 528163 4071.22
840 540448 4071.22
841 538797 4071.22
842 536555 4071.22
843 510335 4071.22
844 509952 4071.22
845 486399 4071.22
846 469861 4071.22
847 485300 4071.22
848 533418 4071.22
849 512454 4071.22
850 501487 4071.22
851 464827 4071.22
852 442365 4071.22
853 452633 4071.22
854 451175 4071.22
855 465094 4071.22
856 471669 4071.22
857 431914 4071.22
858 466583 4071.22
859 497503 3397.2
860 487611 3397.2
861 501644 3397.2
862 552728 3397.2
863 566321 3397.2
864 578346 3397.2
865 593328 3397.2
866 613058 3397.2
867 617973 3397.2
868 605674 3397.2
869 610964 3397.2
870 605200 3397.2
871 626357 3397.2
872 588777 3397.2
873 533836 3397.2
874 526611 3397.2
875 541381 3397.2
876 538897 3397.2
877 499792 3397.2
878 522262 3397.2
879 542317 3397.2
880 519042 3397.2
881 491887 3397.2
882 509468 3397.2
883 473069 3397.2
884 476891 3397.2
885 504194 3397.2
886 535881 3397.2
887 507585 3397.2
888 476302 3397.2
889 471381 3397.2
890 445317 3397.2
891 477214 3397.2
892 478218 3397.2
893 518477 3397.2
894 509226 3397.2
895 515711 3397.2
896 516100 3397.2
897 478138 3397.2
898 474718 3397.2
899 521510 3397.2
900 522008 3397.2
901 517267 3397.2
902 506109 3397.2
903 507638 3397.2
904 510648 3397.2
905 520147 3397.2
906 534475 3397.2
907 552268 3397.2
908 522259 3397.2
909 487227 3397.2
910 501643 3397.2
911 567203 3397.2
912 569972 3397.2
913 560181 3397.2
914 517869 3397.2
915 530093 3397.2
916 493482 3397.2
917 458660 3397.2
918 443941 3397.2
919 421939 3397.2
920 443841 3397.2
921 447948 3397.2
922 460563 3397.2
923 493869 3397.2
924 526419 3397.2
925 507781 3397.2
926 506128 3397.2
927 530440 3397.2
928 580568 3397.2
929 544774 3397.2
930 600730 3397.2
931 602461 3397.2
932 523556 3397.2
933 516306 3397.2
934 504299 3397.2
935 536912 3397.2
936 593315 3397.2
937 525472 3397.2
938 522700 3397.2
939 551228 3397.2
940 572184 3397.2
941 589068 3397.2
942 516993 3397.2
943 559789 3397.2
944 542688 3397.2
945 524611 3397.2
946 525490 3397.2
947 523464 3397.2
948 463932 3397.2
949 458329 3397.2
950 435053 3397.2
951 474176 3397.2
952 508046 3397.2
953 498320 3397.2
954 524710 3397.2
955 537437 3397.2
956 495636 3397.2
957 522315 3397.2
958 489737 3397.2
959 506826 3397.2
960 481647 3397.2
961 548377 3397.2
962 471564 3397.2
963 493999 3397.2
964 483995 3397.2
965 532588 3397.2
966 509468 3397.2
967 501564 3397.2
968 502416 3397.2
969 487892 3397.2
970 486720 3397.2
971 469366 3397.2
972 483011 3397.2
973 472570 3397.2
974 494448 3397.2
975 468585 3397.2
976 453573 3397.2
977 425329 3397.2
978 450619 3397.2
979 478890 3397.2
980 482127 3397.2
981 490056 3397.2
982 504669 3397.2
983 516403 3397.2
984 506592 3397.2
985 502598 3397.2
986 508740 3397.2
987 504914 3397.2
988 533048 3397.2
989 548093 3397.2
990 544664 3397.2
991 555444 3397.2
992 520050 3397.2
993 535165 3397.2
994 561421 3397.2
995 545899 3397.2
996 534081 3397.2
997 556413 3397.2
998 563848 3397.2
999 579097 3397.2
1000 585956 3397.2
1001 533881 3397.2
1002 505546 3397.2
1003 518450 3397.2
1004 480462 3397.2
1005 475728 3397.2
1006 430004 3397.2
1007 445721 3397.2
1008 439292 3397.2
1009 462393 3397.2
1010 415149 3397.2
1011 458291 3397.2
1012 446285 3397.2
1013 467587 3397.2
1014 441855 3397.2
1015 441898 3397.2
1016 439530 3397.2
1017 443990 3397.2
1018 472706 3397.2
1019 443202 3397.2
1020 416762 3397.2
1021 427349 3397.2
1022 427499 3397.2
1023 513413 3397.2
1024 511865 3397.2
1025 510632 3397.2
1026 564591 3397.2
1027 565025 3397.2
1028 558982 3397.2
1029 536588 3397.2
1030 523519 3397.2
1031 513780 3397.2
1032 528355 3397.2
1033 525958 3397.2
1034 517268 3397.2
1035 537452 3397.2
1036 605834 3397.2
1037 583398 3397.2
1038 550882 3397.2
1039 594080 3397.2
1040 555011 3397.2
1041 566479 3397.2
1042 585831 3397.2
1043 575404 3397.2
1044 528791 3397.2
1045 554028 3397.2
1046 517013 3397.2
1047 550096 3397.2
1048 476354 3397.2
1049 530583 3397.2
1050 544465 3397.2
1051 496812 3397.2
1052 505042 3397.2
1053 549831 3397.2
1054 520824 3397.2
1055 502865 3397.2
1056 504371 3397.2
1057 549046 3397.2
1058 555647 3397.2
1059 563004 3397.2
1060 516537 3397.2
1061 486000 3397.2
1062 484324 3397.2
1063 541688 3397.2
1064 490891 3397.2
1065 515549 3397.2
1066 552089 3397.2
1067 554778 3397.2
1068 502246 3397.2
1069 481548 3397.2
1070 512768 3397.2
1071 560082 3397.2
1072 546128 3397.2
1073 550517 3397.2
1074 554498 3397.2
1075 512577 3397.2
1076 525825 3397.2
1077 505257 3397.2
1078 508198 3397.2
1079 523746 3397.2
1080 553123 3397.2
1081 567613 3397.2
1082 575839 3397.2
1083 576507 3397.2
1084 570423 3397.2
1085 592394 3397.2
1086 590896 3397.2
1087 573942 3397.2
1088 497336 3397.2
1089 468799 3397.2
1090 458429 3397.2
1091 456303 3397.2
1092 484437 3397.2
1093 527850 3397.2
1094 559319 3397.2
1095 574398 3397.2
1096 581149 3397.2
1097 565013 3397.2
1098 513644 3397.2
1099 499952 3397.2
1100 466409 3397.2
1101 462569 3397.2
1102 485511 3397.2
1103 468438 3397.2
1104 428125 3397.2
1105 434737 3397.2
1106 506703 3397.2
1107 528745 3397.2
1108 544602 3397.2
1109 510634 3397.2
1110 511866 3397.2
1111 457679 3397.2
1112 492107 3397.2
1113 514032 3397.2
1114 503105 3397.2
1115 445262 3397.2
1116 476090 3397.2
1117 506472 3397.2
1118 585864 3397.2
1119 591744 3397.2
1120 514961 3397.2
1121 509720 3397.2
1122 539459 3397.2
1123 518238 3397.2
1124 562218 3397.2
1125 550288 3397.2
1126 505021 3397.2
1127 516023 3397.2
1128 525786 3397.2
1129 531079 3397.2
1130 539191 3397.2
1131 523564 3397.2
1132 513561 3397.2
1133 478050 3397.2
1134 474675 3397.2
1135 448589 3397.2
1136 475139 3397.2
1137 515529 3397.2
1138 479677 3397.2
1139 490326 3397.2
1140 497880 3397.2
1141 499863 3397.2
1142 527128 3397.2
1143 494238 3397.2
1144 497331 3397.2
1145 508206 3397.2
1146 503017 3397.2
1147 467599 3397.2
1148 479704 3397.2
1149 516486 3397.2
1150 537155 3397.2
1151 523494 3397.2
1152 505200 3397.2
1153 510100 3397.2
1154 521051 3397.2
1155 499340 3397.2
1156 489469 3397.2
1157 479454 3397.2
1158 496594 3397.2
1159 481446 3397.2
1160 553817 3397.2
1161 556374 3397.2
1162 574695 3397.2
1163 568761 3397.2
1164 529577 3397.2
1165 475800 3397.2
1166 503141 3397.2
1167 535243 3397.2
1168 563009 3397.2
1169 547891 3397.2
1170 528103 3397.2
1171 536289 3397.2
1172 543827 3397.2
1173 567569 3397.2
1174 507855 3397.2
1175 538185 3397.2
1176 527461 3397.2
1177 507864 3397.2
1178 468344 3397.2
1179 490148 3397.2
1180 529934 3397.2
1181 529045 3397.2
1182 480339 3397.2
1183 459744 3397.2
1184 471461 3397.2
1185 486071 3397.2
1186 517728 3397.2
1187 544482 3397.2
1188 522164 3397.2
1189 516201 3397.2
1190 512522 3397.2
1191 519828 3397.2
1192 510913 3397.2
1193 558550 3397.2
1194 587366 3397.2
1195 567200 3397.2
1196 585528 3397.2
1197 572030 3397.2
1198 572876 3397.2
1199 572939 3397.2
1200 572247 3397.2
1201 538757 3397.2
1202 574540 3397.2
1203 592219 3397.2
1204 583518 3397.2
1205 546540 3397.2
1206 574679 3397.2
1207 617138 3397.2
1208 601462 3397.2
1209 607374 3397.2
1210 527476 3397.2
1211 513082 3397.2
1212 525761 3397.2
1213 524474 3397.2
1214 515724 3397.2
1215 557594 3397.2
1216 532000 3397.2
1217 512154 3397.2
1218 503738 3397.2
1219 483993 3397.2
1220 511745 3397.2
1221 534917 3397.2
1222 477042 3397.2
1223 496828 3397.2
1224 453800 3397.2
1225 454312 3397.2
1226 454140 3397.2
1227 482504 3397.2
1228 462590 3397.2
1229 442863 3397.2
1230 464184 3397.2
1231 509352 3397.2
1232 498230 3397.2
1233 526010 3397.2
1234 472839 3397.2
1235 457176 3397.2
1236 490066 3397.2
1237 479961 3397.2
1238 465684 3397.2
1239 486140 3397.2
1240 506725 3397.2
1241 565180 3397.2
1242 551513 3397.2
1243 506199 3397.2
1244 490684 3397.2
1245 542207 3397.2
1246 534708 3397.2
1247 543080 3397.2
1248 569161 3397.2
1249 550528 3397.2
1250 519983 3397.2
1251 530523 3397.2
1252 554755 3397.2
1253 572076 3397.2
1254 574231 3397.2
1255 553925 3397.2
1256 525177 3397.2
1257 535814 3397.2
1258 479172 3397.2
1259 484078 3397.2
1260 484795 3397.2
1261 454278 3397.2
1262 436584 3397.2
1263 475320 3397.2
1264 497506 3397.2
1265 480227 3397.2
1266 434499 3397.2
1267 526349 3397.2
1268 517668 3397.2
1269 540511 3397.2
1270 533825 3397.2
1271 526638 3397.2
1272 490669 3397.2
1273 496823 3397.2
1274 527779 3397.2
1275 545991 3397.2
1276 547787 3397.2
1277 536887 3397.2
1278 474582 3397.2
1279 471211 3397.2
1280 477801 3397.2
1281 482927 3397.2
1282 490210 3397.2
1283 515534 3397.2
1284 528563 3397.2
1285 536625 3397.2
1286 464859 3397.2
1287 444716 3397.2
1288 474635 3397.2
1289 505098 3397.2
1290 532442 3397.2
1291 527372 3397.2
1292 507236 3397.2
1293 494138 3397.2
1294 523894 3397.2
1295 535790 3397.2
1296 563510 3397.2
1297 542619 3397.2
1298 555620 3397.2
1299 453897 3397.2
1300 492547 3397.2
1301 506127 3397.2
1302 521819 3397.2
1303 511971 3397.2
1304 518809 3397.2
1305 528867 3397.2
1306 507153 3397.2
1307 512988 3397.2
1308 493720 3397.2
1309 476028 3397.2
1310 462601 3397.2
1311 434968 3397.2
1312 429399 3397.2
1313 416093 3397.2
1314 476823 3397.2
1315 467478 3397.2
1316 467213 3397.2
1317 479301 3397.2
1318 494262 3397.2
1319 520477 3397.2
1320 507167 3397.2
1321 517566 3397.2
1322 516734 3397.2
1323 496459 3397.2
1324 524908 3397.2
1325 479192 3397.2
1326 493636 3397.2
1327 483479 3397.2
1328 481598 3397.2
1329 461242 3397.2
1330 473611 3397.2
1331 516837 3397.2
1332 516725 3397.2
1333 475301 3397.2
1334 480908 3397.2
1335 506739 3397.2
1336 503261 3397.2
1337 488256 3397.2
1338 467818 3397.2
1339 477929 3397.2
1340 488396 3397.2
1341 460123 3397.2
1342 482148 3397.2
1343 470896 3397.2
1344 527103 3397.2
1345 522805 3397.2
1346 512671 3397.2
1347 519016 3397.2
1348 560937 3397.2
1349 528160 3397.2
1350 536165 3397.2
1351 546899 3397.2
1352 547384 3397.2
1353 575727 3397.2
1354 561984 3397.2
1355 554594 3397.2
1356 569508 3397.2
1357 550675 3397.2
1358 541445 3397.2
1359 506340 3397.2
1360 534755 3397.2
1361 515042 3397.2
1362 477928 3397.2
1363 472836 3397.2
1364 501579 3397.2
1365 537433 3397.2
1366 599330 3397.2
1367 625774 3397.2
1368 589700 3397.2
1369 580676 3397.2
1370 604328 3397.2
1371 623953 3397.2
1372 585975 3397.2
1373 524941 3397.2
1374 530553 3397.2
1375 533040 3397.2
1376 520746 3397.2
1377 524391 3397.2
1378 512544 3397.2
1379 548018 3397.2
1380 606332 3397.2
1381 595847 3397.2
1382 590970 3397.2
1383 532749 3397.2
1384 555626 3397.2
1385 530238 3397.2
1386 563477 3397.2
1387 501856 3397.2
1388 486517 3397.2
1389 532482 3397.2
1390 575853 3397.2
1391 557460 3397.2
1392 483037 3397.2
1393 506006 3397.2
1394 498490 3397.2
1395 529766 3397.2
1396 529311 3397.2
1397 533753 3397.2
1398 530726 3397.2
1399 566187 3397.2
1400 528492 3397.2
1401 543304 3397.2
1402 572533 3397.2
1403 555275 3397.2
1404 546317 3397.2
1405 537497 3397.2
1406 534050 3397.2
1407 522213 3397.2
1408 496756 3397.2
1409 536303 3397.2
1410 565739 3397.2
1411 539457 3248.96
1412 531686 3248.96
1413 507928 3248.96
1414 474534 3248.96
1415 510821 3248.96
1416 493244 3248.96
1417 499343 3248.96
1418 485316 3248.96
1419 535232 3248.96
1420 492256 3248.96
1421 525673 3248.96
1422 517980 3248.96
1423 550464 3248.96
1424 505535 3248.96
1425 482691 3248.96
1426 533143 3248.96
1427 519465 3248.96
1428 494545 3248.96
1429 532314 3248.96
1430 476991 3248.96
1431 489045 3248.96
1432 480793 3248.96
1433 494666 3248.96
1434 533560 3248.96
1435 530877 3248.96
1436 554238 3248.96
1437 539906 3248.96
1438 529819 3248.96
1439 447589 3248.96
1440 457434 3248.96
1441 439483 3248.96
1442 480111 3248.96
1443 501902 3248.96
1444 501319 3248.96
1445 560211 3248.96
1446 538034 3248.96
1447 497505 3248.96
1448 491545 3248.96
1449 548217 3248.96
1450 520530 3248.96
1451 547328 3248.96
1452 526984 3248.96
1453 526102 3248.96
1454 526067 3248.96
1455 569449 3248.96
1456 563010 3248.96
1457 601716 3248.96
1458 588421 3248.96
1459 572143 3248.96
1460 580945 3248.96
1461 565285 3248.96
1462 630776 3248.96
1463 619290 3248.96
1464 632064 3248.96
1465 610863 3248.96
1466 583459 3248.96
1467 554710 3248.96
1468 554011 3248.96
1469 584360 3248.96
1470 576060 3248.96
1471 585157 3248.96
1472 558274 3248.96
1473 576484 3248.96
1474 569569 3248.96
1475 511163 3248.96
1476 503485 3248.96
1477 521077 3248.96
1478 503335 3248.96
1479 525693 3248.96
1480 568450 3248.96
1481 558045 3248.96
1482 579548 3248.96
1483 542518 3248.96
1484 487951 3248.96
1485 542929 3248.96
1486 494225 3248.96
1487 489728 3248.96
1488 505811 3248.96
1489 497255 3248.96
1490 513147 3248.96
1491 489619 3248.96
1492 504114 3248.96
1493 514805 3248.96
1494 489962 3248.96
1495 498904 3248.96
1496 512146 3248.96
1497 538060 3248.96
1498 538809 3248.96
1499 536206 3248.96
1500 512852 3248.96
