0.2109 2.2280 
0.2453 1.8627 
0.3626 2.1604 
0.4031 1.9909 
0.4422 1.7563 
0.4785 1.9428 
1.0957 2.2400 
1.3174 1.8034 
1.3658 2.0394 
1.4304 1.8578 
1.5400 2.0004 
1.5707 2.0256 
1.6092 2.0613 
1.6220 1.8392 
1.6533 2.1117 
1.7819 1.9726 
1.8314 2.1125 
1.8321 1.9454 
1.9645 1.9001 
2.1036 1.8088 
2.2373 1.7531 
2.2742 1.8797 
2.3144 2.1524 
2.4918 1.8494 
2.4936 2.0263 
2.7606 7.8802 
2.7783 7.9274 
2.8850 8.0279 
2.8885 8.1321 
2.9064 8.0158 
2.9512 7.9107 
3.0479 7.9647 
3.0705 7.9328 
3.5196 7.8297 
3.5567 8.1372 
3.8382 7.9757 
3.8856 8.0094 
3.9186 8.1209 
3.9529 8.1522 
4.1436 8.0299 
4.1710 8.0032 
4.3526 7.9116 
4.3912 7.7977 
4.4042 7.7953 
4.5263 8.0686 
4.9179 7.8768 
4.9412 8.2462 
4.9885 7.7620 
4.9935 7.9550 
5.0391 0.8384 
5.0605 1.1911 
5.1177 1.1468 
5.2377 1.2231 
5.2772 0.8415 
5.4236 0.9917 
5.4256 1.0592 
5.5581 1.1873 
5.6956 0.8765 
5.7081 1.1673 
5.9914 0.7835 
6.1080 1.1908 
6.1262 0.8789 
6.1426 0.8308 
6.2818 1.0888 
6.2947 1.1030 
6.3419 1.0358 
6.4840 0.9919 
6.5804 1.2188 
6.7833 1.2345 
6.7882 0.7748 
6.7991 0.8397 
7.1096 1.1582 
7.6623 5.1391 
7.6998 4.7928 
7.8142 4.7838 
7.8280 5.0288 
7.8327 5.2282 
7.8960 5.1659 
7.9906 4.8099 
8.0677 5.0113 
8.1600 4.9688 
8.1888 4.9824 
8.2335 5.0323 
8.2351 4.8394 
8.2937 5.1921 
8.3202 4.8344 
8.4546 4.9990 
8.4694 4.8944 
8.6886 4.7894 
8.9391 4.8448 
9.0346 4.8323 
9.1914 4.9468 
9.2146 4.9135 
9.2921 4.8658 
9.2962 5.0132 
9.4757 4.9141 
9.5490 5.1927 
9.6671 5.1050 
9.7177 5.1989 
9.9511 5.1994 
