0.0788 -0.4450 
0.2162 -0.1676 
0.2430 0.6478 
0.2960 0.1271 
0.3121 0.3505 
0.3241 0.3245 
0.3884 0.3917 
0.3983 -0.2359 
0.4776 0.1809 
0.5563 0.7062 
0.6135 0.7577 
0.7007 -0.0811 
0.8397 0.8870 
0.8750 0.3928 
0.9282 1.3061 
1.1358 1.4754 
1.2620 0.6167 
1.2991 1.6000 
1.3452 1.6508 
1.4003 0.9579 
1.4395 1.4172 
1.5724 1.6695 
1.6065 1.3293 
1.7683 1.8767 
1.8165 1.6916 
2.0122 2.0135 
2.1331 1.3907 
2.1526 2.2280 
2.3518 1.2468 
2.3740 2.1894 
2.5774 1.9287 
2.5900 1.2733 
2.8148 0.7650 
2.8986 0.7910 
2.9382 0.4759 
3.0060 0.9575 
3.0924 0.6792 
3.3455 -1.1455 
3.4970 -0.7418 
3.5067 -1.6708 
3.5175 -1.0313 
3.8516 -2.7587 
3.9555 -3.1853 
4.0205 -2.5789 
4.3577 -3.4938 
4.4138 -3.9443 
4.5370 -4.5672 
4.5470 -4.9076 
4.6611 -4.9204 
4.6826 -5.2802 
4.7589 -4.7627 
4.9803 -4.5206 
5.0403 -5.3339 
5.1338 -5.1021 
5.1793 -4.0726 
5.4546 -3.5992 
5.4891 -4.1161 
5.6726 -3.3243 
5.7701 -2.6210 
6.1735 -0.7072 
6.2676 0.1880 
6.2914 0.0654 
6.4120 0.7459 
7.0234 4.4201 
7.2996 6.6554 
7.5911 7.7654 
7.6567 7.4157 
7.8858 8.1997 
7.8894 7.5414 
8.0153 7.6809 
8.1255 7.8750 
8.1506 8.2977 
8.2566 8.0321 
8.4141 7.2350 
8.4192 7.3272 
8.9364 4.7706 
9.0255 3.6563 
9.3226 0.4552 
9.9055 -4.6372 
9.9369 -5.0170 
