1 1.04628e+06 455693
2 943203 455693
3 787523 393836
4 691105 393836
5 597637 340438
6 473064 268107
7 445893 258228
8 391539 239548
9 388506 239548
10 341702 239548
11 346506 221764
12 339264 221764
13 326335 219472
14 339527 147614
15 366297 130193
16 318261 130193
17 326476 95248.8
18 298628 95248.8
19 273178 85382.8
20 236404 85382.8
21 244856 72318.6
22 263562 72318.6
23 215795 72318.6
24 240360 71248.9
25 209160 69711.6
26 261091 65971.2
27 171773 56889.5
28 188255 56889.5
29 173466 56525.7
30 128379 35579.7
31 141426 32220.6
32 124782 30597.6
33 86744.7 27525.9
34 72158.7 26369.6
35 89463.5 26369.6
36 77414.8 26369.6
37 51234.4 26146.9
38 79304.1 22554.3
39 51949.8 19607.1
40 52650.4 19607.1
41 45574.9 19607.1
42 39133.2 14590.4
43 47072.2 14590.4
44 62898.6 14590.4
45 50646.9 13383.8
46 42518.8 10572.9
47 40204.1 10572.9
48 22647.2 10572.9
49 43876.3 10572.9
50 45043.5 10572.9
51 44474.2 9518.85
52 43155.7 9518.85
53 32715.1 9327.16
54 29622.1 7581.77
55 24982.7 7549.4
56 24635.3 7549.4
57 62210.5 5842.88
58 46293.8 5842.88
59 41449.1 3181.59
60 46603.8 3114.05
61 36005 3114.05
62 17152.1 3114.05
63 21170.5 3114.05
64 38642.4 2012.52
65 27259.7 1795.57
66 47736.8 1517.92
67 33881.4 1517.92
68 20442.2 1517.92
69 33947.8 1189.44
70 21293.3 1189.44
71 20275.8 1026.17
72 22077.8 999.963
73 19919.2 995.592
74 31429.4 972.783
75 5893.98 913.06
76 29287.7 700.51
77 6966.45 420.107
78 9597.41 361.996
79 43053.5 361.996
80 51434.7 253.25
81 27074.9 253.25
82 28918.4 253.25
83 21915.1 234.668
84 36117.1 234.668
85 19709.3 218.593
86 6461.13 193.049
87 14744.4 186.869
88 19730.2 110.282
89 6591.92 110.282
90 13415.5 110.282
91 34119 110.282
92 15492.8 110.282
93 18811 110.282
94 18769.3 110.282
95 4978.38 110.282
96 5383.46 96.6259
97 11283.4 96.6259
98 16955.5 86.2651
99 25811.8 86.2651
100 16949.6 85.4796
101 27852.4 83.9311
102 13646 83.9311
103 7327.29 83.9311
104 16133.9 83.4921
105 38304.7 83.4921
106 8007.77 83.4921
107 17406.4 83.4921
108 20318.9 83.4921
109 18046.8 83.4921
110 22284.7 83.4921
111 23162.1 83.4921
112 35774.7 82.4505
113 34254.2 82.4505
114 31246.8 80.7794
115 24631.4 76.049
116 27159 76.049
117 42152.4 76.049
118 21738 75.9055
119 23773.7 58.0438
120 28533.1 58.0438
121 36367.8 55.5173
122 27519.9 55.5173
123 30791.7 55.5173
124 26462.1 55.5173
125 26867.3 55.5173
126 13257.7 52.4184
127 8726.03 52.4184
128 11081.2 52.4184
129 22034 45.2726
130 49179.8 43.2311
131 10430.6 37.5032
132 26246.7 37.5032
133 21394.7 37.5032
134 23331.9 37.5032
135 27777.8 37.5032
136 14939 37.5032
137 11617.5 37.5032
138 24434.5 35.287
139 6226.49 35.287
140 36839.3 35.287
141 26715.9 35.287
142 20885 34.1437
143 30912.8 34.1437
144 26767.4 34.1437
145 15752.5 32.4701
146 9262.99 32.1803
147 18415.2 32.1803
148 26245.7 32.1803
149 17161.2 32.1803
150 36117.1 32.1803
151 50246.6 32.1803
152 33935.9 32.1803
153 31481.3 32.1803
154 4968.05 32.1803
155 11046.6 32.1803
156 27547.8 32.1803
157 16508.5 32.1803
158 16565.2 32.1803
159 24419.4 31.5575
160 22717.4 28.8445
161 33282.9 28.2401
162 23313.4 28.2401
163 28604.9 28.2401
164 40257.8 28.2401
165 10485 28.2401
166 20088.3 28.2401
167 10821.5 28.2401
168 19453 28.2401
169 27488.1 28.0053
170 11702.5 28.0053
171 13500.5 28.0053
172 21706.9 28.0053
173 17444.2 28.0053
174 17775.3 28.0053
175 42928.4 27.2214
176 14232.5 27.2214
177 18720.2 27.2214
178 5998.52 26.1748
179 9982.62 26.1748
180 23058.7 26.1748
181 12535.7 23.2288
182 26861.6 23.2288
183 10393.4 23.2288
184 15199.8 23.2288
185 9359.75 23.2288
186 40083.4 23.2288
187 25113.8 23.2288
188 27577.8 23.2288
189 28427 23.2288
190 8493.29 23.2288
191 197.922 23.2288
192 10780 23.2288
193 17528.2 23.2288
194 28428.1 23.2288
195 34977 23.0206
196 19349.9 23.0206
197 19391.3 23.0206
198 8727.06 23.0206
199 48132.8 23.0206
200 6647.07 23.0206
201 11248.1 23.0206
202 25617.4 23.0206
203 32720.5 23.0206
204 22071.5 22.9376
205 10577.1 22.9376
206 35069.5 22.7948
207 22358.3 22.7948
208 21754.7 22.7948
209 54949.9 22.7948
210 29334.5 22.7948
211 17099.6 22.7948
212 9746.38 22.7948
213 19691.6 22.7948
214 18557.4 22.7948
215 23476.2 22.7948
216 27555.6 22.7948
217 33541.6 22.7948
218 24899.4 22.7948
219 30608 22.7948
220 26070.2 22.7948
221 34907.4 22.7948
222 48185 22.7948
223 14331.2 22.325
224 33370 22.325
225 40026.7 22.325
226 44252.8 22.325
227 14398.3 22.325
228 24310.7 20.6664
229 18227.1 20.6664
230 11915.9 20.6664
231 24750.8 20.6664
232 4811.75 20.5173
233 23611.5 20.4582
234 30430 20.4582
235 12503.6 20.4582
236 20903.9 20.4582
237 6021.62 20.4582
238 11726.7 20.4582
239 11734.9 20.4582
240 15545.2 20.4557
241 13988.9 19.3836
242 13407.7 19.3258
243 17109.9 19.3258
244 11064.4 19.3258
245 31787.5 19.3258
246 8499.53 19.3258
247 2815.58 19.3258
248 28446.2 19.3258
249 14788.3 18.5615
250 11594.6 18.5615
251 25891.4 18.5615
252 11810.5 18.5615
253 17322.8 18.5615
254 25577.5 18.5615
255 13609.7 18.5615
256 30731.9 18.4875
257 27844.1 18.4875
258 21998.7 18.4875
259 32682.1 18.4875
260 14653.2 18.4875
261 28188.8 18.4875
262 42951.2 18.4875
263 10802.3 18.4875
264 14860.6 18.4875
265 8972.76 18.4875
266 26032.9 18.4875
267 38533.9 18.4875
268 42811.9 18.4875
269 13349.1 18.4875
270 11794.4 18.2636
271 2547.15 18.2636
272 11351.2 18.2636
273 35233.1 18.2636
274 24458.6 18.2636
275 33547.3 18.2636
276 15192.2 18.2535
277 42505.7 18.2535
278 14238.4 18.2535
279 32876.6 18.2535
280 24323.7 18.2535
281 27995.9 18.2332
282 16763.2 18.2232
283 28840.4 17.9386
284 12392.1 17.9386
285 27709 17.9386
286 16522.7 17.9386
287 36599.7 17.9386
288 39174.3 17.9386
289 26381.3 17.9386
290 34329.1 17.9386
291 31946.8 17.9386
292 25165.8 17.9386
293 35550.3 17.7895
294 42236.4 17.4466
295 37215.4 17.2836
296 26979.4 17.2836
297 25659.5 17.179
298 26082.5 17.179
299 42082.2 17.179
300 32357 17.179
301 24153.6 17.179
302 26286.2 17.179
303 21014.3 17.179
304 29704.2 17.179
305 28718 17.179
306 31715.2 17.179
307 16816.2 17.179
308 23634.7 17.179
309 32172 16.9896
310 27223.4 16.9896
311 19874.1 16.9896
312 32790.8 16.9896
313 29903.5 16.9896
314 26840.4 16.8986
315 2947.41 16.8986
316 21458.2 16.8986
317 32689.2 16.8986
318 34373.9 16.8986
319 11853.6 16.8986
320 5144.39 16.8986
321 22810.5 16.8986
322 15959.1 16.8986
323 19083.5 16.8986
324 24771.5 16.8986
325 38692.3 16.8986
326 19503.2 16.8986
327 21746.2 16.8986
328 24046.1 16.8986
329 39123.3 16.8986
330 26805.3 16.8986
331 34472 16.8986
332 29575.5 16.8986
333 32084.8 16.8986
334 56504.3 16.8379
335 46321.6 16.8379
336 51351.9 16.4714
337 20931.2 16.4714
338 8164 16.4714
339 19287.3 16.4714
340 36552.1 16.4714
341 17438.8 16.4714
342 25324.7 16.4714
343 10541.5 16.4714
344 22036.8 15.967
345 36756.5 15.967
346 36328.4 15.967
347 15690.1 15.967
348 28044.5 15.967
349 23550.3 15.967
350 42208.8 15.967
351 14909 15.967
352 28833.8 15.967
353 47176.8 15.967
354 17472.7 15.967
355 7426.82 15.967
356 22360.4 15.967
357 9891.33 15.967
358 8725.82 15.967
359 37072.6 15.967
360 28036.5 15.967
361 18854.8 15.967
362 20214.1 15.967
363 35494.9 15.967
364 30437.2 15.967
365 14967.4 15.967
366 29463.7 15.967
367 34243.3 15.967
368 9860.28 15.967
369 17041.8 15.967
370 29602.8 15.967
371 24253.1 15.967
372 27721.6 15.967
373 12437 15.967
374 36543 15.967
375 34716.1 15.967
376 37697.5 15.967
377 21082.8 15.967
378 16031.7 15.967
379 62642.7 15.967
380 41111.5 15.967
381 28101.1 15.967
382 37840.3 15.967
383 16233.6 15.967
384 13356.9 15.967
385 25670.3 15.967
386 20567.4 15.967
387 14372 15.967
388 29247.3 15.967
389 12196.9 15.8512
390 16184.8 15.8292
391 17793 15.8292
392 28397.2 15.4849
393 17562.2 15.1724
394 15958.9 15.0232
395 1452.28 15.0232
396 38144.3 14.8854
397 17746.1 14.8854
398 14894.2 14.8854
399 20656.7 14.8854
400 28300.3 14.8854
401 13318.3 14.8854
402 34269.4 14.8854
403 25921 14.8854
404 28647 14.8854
405 10821.4 14.8854
406 26396.3 14.8854
407 29981.3 14.883
408 11224.7 14.883
409 23202.5 14.883
410 32886.4 14.883
411 27175.3 14.883
412 26671 14.883
413 20358.9 14.883
414 26850.7 14.883
415 5528 14.883
416 19326.6 14.883
417 20321.6 14.883
418 13004.7 14.88
419 29946.8 14.88
420 16607.6 14.88
421 18849.8 14.88
422 5785.23 14.88
423 19627.9 14.88
424 5330.34 14.88
425 12832 14.88
426 11588.7 14.88
427 18796.6 14.88
428 29031.5 14.88
429 18350.7 14.88
430 42025.8 14.88
431 14330.1 14.88
432 16266.1 14.88
433 17334.9 14.8418
434 18718.1 14.8418
435 12446.1 14.8418
436 39381 14.8418
437 1268.5 14.8418
438 10055.1 14.8418
439 49475.4 14.8418
440 25606.8 14.8418
441 16027.2 14.8418
442 18509.2 14.8418
443 10177 14.8418
444 24691.3 14.8418
445 7040.44 14.8418
446 19423.4 14.8418
447 22791.4 14.8418
448 11863.8 14.8418
449 44219.3 14.8418
450 60808.2 14.8418
451 12200.3 14.8418
452 22423.9 14.6927
453 26931.1 14.6927
454 27640.8 14.6927
455 15714 14.6677
456 31344.7 14.6677
457 14593.4 14.6677
458 22589.6 14.6677
459 3354.3 14.6677
460 8220.41 14.6677
461 14962.2 14.6677
462 11056.7 14.6677
463 3098.34 14.6677
464 36101.8 14.6677
465 9624.04 14.6677
466 11467.1 14.6677
467 19030.1 14.6677
468 24266.7 14.6677
469 29987 14.6677
470 29045.6 14.6677
471 9684.94 14.6677
472 49105.1 14.6677
473 37982.3 14.6677
474 27621.7 14.6677
475 14439.6 14.6677
476 38813.3 14.6677
477 31420.5 14.6677
478 26162.6 14.6677
479 3870.39 14.6677
480 21199 14.6677
481 40481 14.6677
482 16117.9 14.6677
483 9186.65 14.6677
484 25203.2 14.6677
485 12040.8 14.6677
486 24466.5 14.6677
487 7575.25 14.6677
488 13207.8 14.6677
489 22490.6 14.6677
490 29467 14.6677
491 14145.8 14.6677
492 23759.8 14.6677
493 25089.3 14.6677
494 13178.6 14.6677
495 22950.9 14.6677
496 20333.8 14.6677
497 35451.5 14.6677
498 18419.3 14.6677
499 24180.5 14.6677
500 10962.4 14.6677
501 4295.48 14.6677
502 18278.6 14.6677
503 51020.4 14.6677
504 29595.1 14.6677
505 28093.2 14.6677
506 29371.5 14.6677
507 12531.1 14.6677
508 14138.9 14.6677
509 14632.9 14.6677
510 13509.2 14.6677
511 6698.7 14.6677
512 24263.6 14.6677
513 35213.6 14.6677
514 16775.8 14.6677
515 34845.4 14.6677
516 2282.52 14.6677
517 22560.2 14.6677
518 37155.9 14.6677
519 26921.4 14.6677
520 4205.21 14.6677
521 35585.8 14.6677
522 31035 14.6677
523 9610.96 14.6677
524 24564.3 14.6677
525 22817.9 14.6677
526 31213.6 14.6677
527 31408.9 14.6677
528 31484.3 14.6677
529 55177.6 14.6677
530 4686.72 14.6677
531 18005.2 14.6677
532 36962.2 14.6677
533 38736.9 14.6677
534 28533.5 14.6677
535 15383.7 14.6677
536 32711.9 14.6677
537 18094.2 14.6677
538 14610.5 14.6677
539 33837.2 14.6677
540 24210.5 14.6677
541 4495.73 14.6677
542 21101.8 14.6677
543 15218 14.6677
544 16066 14.6486
545 19220.5 14.6486
546 20297.3 14.6486
547 9100.95 14.6486
548 19323.7 14.6428
549 17409 14.6428
550 27697.7 14.6428
551 23587.2 14.6428
552 35106.2 14.6428
553 17653.8 14.6428
554 26870.7 14.6428
555 24758.6 14.6428
556 31185.6 14.6428
557 27565.2 14.6428
558 3501.84 14.6291
559 18899.9 14.6291
560 2960.74 14.6291
561 18459.1 14.6291
562 26370.2 14.6291
563 34505.1 14.6291
564 20327.6 14.6291
565 11817.7 14.6291
566 3598.21 14.6291
567 22554.6 14.6291
568 26873.6 14.6291
569 21428.8 14.6291
570 19284.1 14.6291
571 15047.6 14.6291
572 20479.3 14.6291
573 17180.8 14.6291
574 35568.4 14.6291
575 20587.4 14.6291
576 23214.9 14.6291
577 13270.9 14.6291
578 27422.3 14.6291
579 27487.5 14.6291
580 34213 14.6291
581 23263.4 14.6291
582 16465.5 14.6291
583 20078.9 14.6291
584 11509.1 14.6291
585 34460.5 14.6291
586 40438.2 14.6291
587 2201.11 14.6291
588 21524.1 14.6291
589 35015.8 14.6291
590 32738.3 14.6291
591 25664.5 14.6183
592 11707 14.6183
593 12519.6 14.6183
594 21809.8 14.6183
595 43216.1 14.6183
596 23965.2 14.6183
597 28527.9 14.6183
598 19218.6 14.6183
599 20861 14.6183
600 18154.5 14.6183
601 17105.1 14.6183
602 15139.5 14.6042
603 52060.2 14.6042
604 35247 14.6042
605 18402.2 14.5905
606 37840.7 14.5905
607 26819.3 14.5905
608 18182.8 14.5905
609 22476 14.5905
610 3437.13 14.5905
611 16197.7 14.5905
612 23100.7 14.5905
613 5786.95 14.5905
614 25587.9 14.5905
615 18532.1 14.5905
616 4016.78 14.5905
617 9675.69 14.5905
618 57992 14.5905
619 18935.8 14.5905
620 16983.2 14.5905
621 19012.4 14.5905
622 18202.6 14.5905
623 15800 14.588
624 25623.9 14.588
625 30743.1 14.588
626 41717.3 14.588
627 50739.4 14.588
628 14736 14.588
629 20713.2 14.588
630 8162.12 14.588
631 15748.9 14.588
632 20596.2 14.588
633 29731.8 14.588
634 19480.9 14.588
635 3975.14 14.588
636 25657.7 14.588
637 25435.4 14.5851
638 28505.8 14.5851
639 14351.4 14.5851
640 26231.5 14.5851
641 33484.6 14.5851
642 5561.32 14.5851
643 24663.3 14.5851
644 10987.4 14.5851
645 29047.2 14.5851
646 27250.2 14.5851
647 10758.3 14.5851
648 26371.6 14.5851
649 26278.2 14.5851
650 35368.7 14.5851
651 16396.1 14.5851
652 47184.2 14.5851
653 31981.5 14.5851
654 37414.9 14.5851
655 26286.6 14.5851
656 23429.8 14.5851
657 28723 14.5851
658 14783.2 14.5851
659 46482.7 14.5851
660 10018.2 14.5851
661 363.942 14.5851
662 20640.3 14.5851
663 11033.6 14.5851
664 31180.2 14.5851
665 24590.2 14.5851
666 22762.5 14.5826
667 24307.3 14.5826
668 23933.8 14.5826
669 42250.1 14.5826
670 22816.9 14.5826
671 27115 14.5826
672 18814.4 14.5826
673 45936 14.5826
674 38143.6 14.5826
675 31491 14.5826
676 30998.3 14.5826
677 31325.8 14.5826
678 13753.9 14.5826
679 27739.5 14.5826
680 48852.3 14.5826
681 25731 14.5826
682 39948 14.5826
683 19644.1 14.5826
684 27723.1 14.5826
685 19932.3 13.8972
686 9234.75 13.8972
687 8712.4 13.8972
688 20748.5 13.8972
689 42558.6 13.8972
690 29505.4 13.8972
691 17923.9 13.8972
692 41046.7 13.8972
693 37164.9 13.8972
694 28564 13.8972
695 14741 13.8972
696 39371.3 13.8972
697 18747.6 13.8972
698 24684.9 13.8972
699 12694.1 13.8972
700 12295.7 13.8972
701 32257.7 13.8972
702 17269.8 13.8972
703 15733.7 13.8891
704 33342.6 13.8891
705 12719.2 13.8891
706 17023.5 13.8891
707 42480.2 13.8891
708 26593.4 13.8891
709 27809.5 13.8891
710 27428.6 13.8891
711 26117.6 13.8891
712 20530.8 13.8891
713 19261.9 13.8891
714 18450 13.8891
715 43500.1 13.6243
716 20307.3 13.6243
717 19743.3 13.6243
718 22400.7 13.6243
719 39909.8 13.6243
720 10418.7 13.6243
721 35808.4 13.6243
722 17388.8 13.6243
723 40064.7 13.6243
724 35074.8 13.6243
725 32900.7 13.6243
726 12691.4 13.6243
727 14561.4 13.6243
728 23143.5 11.8792
729 22573.4 11.8792
730 51997.6 11.8792
731 9963.69 6.65518
732 16947.5 6.65518
733 31729.6 6.65518
734 16982.8 6.65518
735 46705.7 5.43041
736 30511.6 5.43041
737 28706.6 5.43041
738 33190.4 5.43041
739 10367.9 5.43041
740 20637.9 5.43041
741 16175.7 5.43041
742 13546.8 5.43041
743 13952.3 5.43041
744 37893.2 5.43041
745 25672.8 5.43041
746 31860.2 5.43041
747 12258.9 5.43041
748 5924.28 5.43041
749 11706.1 5.43041
750 43175.6 5.43041
751 5662.32 5.43041
752 37875.5 5.43041
753 13264.4 5.43041
754 30811.3 5.43041
755 20017.3 5.43041
756 24399.1 5.43041
757 23514.7 5.39973
758 34121.1 5.39973
759 6012.88 5.39973
760 17502.4 5.39973
761 17569.5 5.39973
762 26852.4 5.39973
763 50763.3 5.39973
764 41749.7 5.39973
765 12323.5 5.39973
766 13264 5.39973
767 30957.3 5.39973
768 35815.8 5.39973
769 27937.1 5.39973
770 8775.85 5.39973
771 12126.1 5.39973
772 5859.55 5.25697
773 37969 5.25697
774 32895 5.25697
775 45326.1 5.25697
776 31043.9 5.25697
777 3447.61 5.25697
778 18812.4 5.25697
779 32396.6 5.25697
780 22376.6 5.25697
781 22863.3 5.25697
782 28243.7 5.25697
783 15161.7 5.25697
784 29537.8 5.17394
785 33828.5 5.17394
786 31053.7 5.17394
787 11159.6 5.17394
788 35359 5.17394
789 36471.3 5.17394
790 19629.5 5.17394
791 16118.3 5.17394
792 32731.9 5.17394
793 58288.8 5.17394
794 26963 5.17394
795 11969 5.17394
796 37448.8 5.17394
797 38775.8 5.17394
798 37825.9 5.17394
799 29060.8 5.17394
800 46778.6 5.17394
801 14027.3 5.17102
802 10962.3 5.12249
803 33517.1 5.06939
804 36964.1 5.06939
805 37051.4 5.02535
806 34471.2 5.02535
807 23298.3 5.02535
808 21961 5.02535
809 27569.7 5.02535
810 14021.6 5.02535
811 780.819 5.02535
812 25561.2 5.02535
813 16661.2 5.02535
814 14585.3 5.02535
815 19488.2 5.02535
816 34619.8 5.02535
817 35662.4 5.02535
818 11654.6 5.02535
819 20671.8 5.02535
820 19846.2 5.02535
821 25371.5 5.02535
822 8158.85 5.02535
823 5386.73 5.02535
824 2216.57 5.01661
825 18476.8 5.01661
826 12202.6 5.01121
827 28534.7 5.01121
828 49456.3 5.01121
829 45176.8 5.01121
830 32391.5 5.01121
831 27018.3 5.01121
832 24721.8 5.01121
833 15256.4 5.01121
834 20224.9 5.01121
835 24836.8 5.01121
836 36528.2 5.01121
837 13323.7 5.01121
838 21922.6 5.01121
839 28733.7 5.01121
840 16742 5.01121
841 21969.4 5.01121
842 45447 5.01121
843 39671.9 5.01121
844 19824.4 5.01121
845 27093 5.0029
846 34399.6 5.0029
847 36253 5.0029
848 33699.5 5.0029
849 9298.94 5.0029
850 11247.5 5.0029
851 17015.4 5.0029
852 46734.8 5.0029
853 24030.5 5.0029
854 13598.6 5.0029
855 22720.4 5.0029
856 3197.34 5.0029
857 20999.7 5.0029
858 4485.24 5.0029
859 30145.4 5.0029
860 27886.5 5.0029
861 46095.7 5.0029
862 7009.9 5.0029
863 20426.2 5.0029
864 18016.1 5.0029
865 15338.1 5.0029
866 21783.7 5.0029
867 24264.5 5.0029
868 22211.3 5.0029
869 19001.3 5.0029
870 3838.17 5.0029
871 4455.04 5.0029
872 13934.5 5.0029
873 32902.2 5.0029
874 14416.7 5.0029
875 23356.8 5.0029
876 10378 5.0029
877 28640.9 5.0029
878 5102.07 5.0029
879 7900.14 5.0029
880 17318.6 5.0029
881 11740.4 5.0029
882 2498.55 5.0029
883 10269.8 5.0029
884 20582.2 5.0029
885 6468.16 5.0029
886 25690.5 5.0029
887 9019.5 5.0029
888 22033.8 5.0029
889 9937.15 5.0029
890 10268 5.0029
891 32016.9 5.0029
892 42131.3 5.0029
893 32635.6 5.0029
894 16708.3 5.0029
895 24346.4 5.0029
896 24569.8 5.0029
897 35276.1 5.0029
898 32034.6 5.0029
899 19160.3 5.0029
900 28726.8 5.0029
901 20432.6 5.0029
902 30119.3 5.0029
903 17325.8 5.0029
904 20846.1 5.0029
905 25972.1 5.0029
906 21312.7 5.0029
907 13147.2 5.0029
908 9951.47 5.0029
909 6297.23 5.0029
910 30130.3 5.0029
911 10910.3 5.0029
912 21855 5.0029
913 12768.1 5.0029
914 30244.2 5.0029
915 26830 5.0029
916 9153.44 5.0029
917 38363 5.0029
918 24195.4 5.0029
919 34328.4 5.0029
920 43276 5.0029
921 25311.7 5.0029
922 2081.47 5.0029
923 15085 5.0029
924 18723.1 5.0029
925 25617.8 5.0029
926 46758.3 5.0029
927 48599.6 5.0029
928 27095.6 5.0029
929 20369.1 5.0029
930 26825.8 5.0029
931 12905.6 5.0029
932 32106.3 5.0029
933 39127.4 5.0029
934 26096.3 5.0029
935 11779.2 5.0029
936 13439.7 5.0029
937 42511.1 5.0029
938 15542.5 5.0029
939 39821.4 5.0029
940 31869.5 5.0029
941 39321 5.0029
942 44997.3 5.0029
943 31696.6 5.0029
944 9335.12 5.0029
945 37494.1 5.0029
946 18583.2 5.0029
947 18427.1 5.0029
948 15088.9 5.0029
949 11484 5.0029
950 10836 5.0029
951 36598.8 5.0029
952 25489.7 5.0029
953 10250.4 5.0029
954 26608.1 5.0029
955 23322.3 5.0029
956 7368.36 5.0029
957 11223 5.0029
958 13815 5.0029
959 6422.06 5.0029
960 34431.3 5.0029
961 2880.3 5.0029
962 18394.7 5.0029
963 9567.06 5.0029
964 19293.9 5.0029
965 13665.8 5.0029
966 15948.4 5.0029
967 23973.1 5.0029
968 36628.1 5.0029
969 35393.6 5.0029
970 30914.5 5.0029
971 37046.6 5.0029
972 51819.9 5.0029
973 33105.8 5.0029
974 9261.26 5.0029
975 30532 5.0029
976 10860.7 5.0029
977 32911.6 5.0029
978 25181.2 5.0029
979 26543.9 5.0029
980 19341.3 5.0029
981 6426.68 5.0029
982 35432.2 5.0029
983 15288.2 5.0029
984 19964.3 5.0029
985 35605.4 5.0029
986 4081.81 5.0029
987 10215.5 5.0029
988 10055.3 5.0029
989 30353.1 5.0029
990 38281.9 5.0029
991 36215 5.0029
992 31069.8 5.0029
993 34619.1 5.0029
994 21126.6 5.0029
995 35181 5.0029
996 29040.3 5.0029
997 19381.3 5.0029
998 20667.2 5.0029
999 37715.2 5.0029
1000 23641.5 5.0029
1001 19720.1 5.0029
1002 14243.4 5.0029
1003 15636.8 5.0029
1004 16650 5.0029
1005 32913.1 5.0029
1006 2426.02 5.0029
1007 16354.6 5.0029
1008 8497.66 5.0029
1009 25796.4 5.00042
1010 24748.8 5.00042
1011 54111.4 5.00042
1012 40368.6 5.00042
1013 8124.05 5.00042
1014 21461.4 5.00042
1015 33246.1 5.00042
1016 9081.61 5.00042
1017 17465.3 5.00042
1018 12958.6 5.00042
1019 16276.1 5.00042
1020 33816.4 5.00042
1021 39140.4 5.00042
1022 28445.9 5.00042
1023 22742.8 5.00042
1024 31779.4 5.00042
1025 17367.2 5.00042
1026 26855.8 5.00042
1027 21189.3 5.00042
1028 38733 5.00042
1029 36197.2 5.00042
1030 26543.3 5.00042
1031 16467.1 5.00042
1032 20146.3 5.00042
1033 28324.1 5.00042
1034 16536.2 4.99751
1035 16020.7 4.99751
1036 25191 4.99751
1037 29306.1 4.99751
1038 51262.8 4.99751
1039 48021.9 4.99751
1040 23926.2 4.99751
1041 26726.3 4.99751
1042 19842.9 4.99751
1043 26133.7 4.99751
1044 10368 4.99751
1045 14125.6 4.99751
1046 8729.3 4.99751
1047 10098.9 4.99751
1048 13249.7 4.99751
1049 36836 4.99751
1050 24333.2 4.99751
1051 52126.3 4.99751
1052 48995.9 4.99751
1053 14882 4.99751
1054 15622.9 4.99751
1055 21020.2 4.99751
1056 25861.7 4.99751
1057 11015.9 4.99751
1058 18071 4.99751
1059 40468.5 4.99751
1060 17151.8 4.99751
1061 13865.2 4.99751
1062 16110.5 4.99751
1063 20085 4.99751
1064 26935.3 4.99751
1065 15473.5 4.99751
1066 24912.1 4.99751
1067 10912 4.99751
1068 3786.07 4.99751
1069 34689.4 4.99751
1070 19983.1 4.99751
1071 11818.8 4.99751
1072 29778.4 4.99751
1073 30950.4 4.99751
1074 30341.2 4.99751
1075 2858.95 4.99751
1076 16154.3 4.99751
1077 4675 4.99751
1078 13047.4 4.99751
1079 21967.4 4.99751
1080 20921.1 4.99751
1081 17386.2 4.99751
1082 23682.4 4.99751
1083 3404.52 4.99751
1084 41143.4 4.99751
1085 24844.7 4.99751
1086 46995.9 4.99751
1087 8103.88 4.99751
1088 10335.2 4.99751
1089 13815.9 4.99751
1090 12145.3 4.99751
1091 21192.7 4.99751
1092 28852.9 4.99751
1093 23531.1 4.99751
1094 19014.6 4.99751
1095 24465.6 4.99751
1096 39919.1 4.99751
1097 31186.9 4.99751
1098 22502.6 4.99751
1099 46588 4.99751
1100 44228.5 4.99751
1101 19605.2 4.99751
1102 3829.03 4.99751
1103 4732.02 4.99751
1104 2323.57 4.99751
1105 24632.9 4.99751
1106 14456.9 4.99751
1107 34505.6 4.99751
1108 36442.5 4.99751
1109 31377.1 4.99751
1110 39923.4 4.99751
1111 15698 4.99751
1112 17074 4.99751
1113 28891.4 4.99751
1114 27569.7 4.99751
1115 18158.2 4.99751
1116 8861.55 4.99751
1117 1641.48 4.99751
1118 17617.5 4.99751
1119 31199.9 4.99751
1120 19055 4.99751
1121 7436.92 4.99751
1122 15869.6 4.99751
1123 13455.5 4.99751
1124 11924.8 4.99751
1125 40003.9 4.99751
1126 29591.8 4.99751
1127 23295.1 4.99751
1128 28320.3 4.99751
1129 44055.7 4.99751
1130 22554.2 4.99751
1131 24364.2 4.99751
1132 8392.12 4.99751
1133 35384.2 4.99751
1134 48370.3 4.99751
1135 30261.6 4.99751
1136 33798.9 4.99751
1137 24884.5 4.99751
1138 25849.8 4.99751
1139 14398.7 4.99751
1140 17979.5 4.99751
1141 11678.2 4.99751
1142 11864.1 4.99751
1143 26080.2 4.99751
1144 33434.8 4.99751
1145 22496.9 4.99751
1146 20488.2 4.99751
1147 27605.8 4.99751
1148 9874.47 4.99751
1149 9927.15 4.99751
1150 1325.84 4.99751
1151 32472.6 4.99751
1152 54803.3 4.99751
1153 14072.1 4.99751
1154 41795.7 4.99751
1155 19038.6 4.99751
1156 15542.9 4.99751
1157 40330.6 4.99751
1158 16914.4 4.99751
1159 22148.1 4.99751
1160 43004.9 4.99751
1161 15568 4.99751
1162 14729.6 4.99751
1163 29560.9 4.99751
1164 13958.6 4.99751
1165 29604.5 4.99751
1166 19552.7 4.99751
1167 8539.13 4.99751
1168 20646.5 4.99751
1169 19965.1 4.99751
1170 20321.8 4.99751
1171 26789.5 4.99751
1172 21767.9 4.99751
1173 19420.9 4.99751
1174 13909.6 4.99751
1175 11631.2 4.99751
1176 17711.7 4.99751
1177 25267.2 4.99751
1178 17741.4 4.99751
1179 21107.1 4.99751
1180 20949.8 4.99751
1181 43534.8 4.99751
1182 36148.8 4.99751
1183 14566.8 4.99751
1184 26819 4.99751
1185 22699.9 4.99751
1186 46421.9 4.99751
1187 19449.3 4.99751
1188 15084.2 4.99751
1189 19231.8 4.99751
1190 50447.8 4.99751
1191 50204.4 4.99751
1192 40994.6 4.99751
1193 24747.1 4.99751
1194 20684 4.99751
1195 24147.3 4.99751
1196 13067.2 4.99751
1197 11583.9 4.99751
1198 18036.1 4.99751
1199 18476.1 4.99751
1200 2604.45 4.99751
1201 15048.2 4.99751
1202 23565.4 4.99751
1203 31357.8 4.99751
1204 22422.3 4.99751
1205 31011.4 4.99751
1206 22552.2 4.99751
1207 23104.5 4.99751
1208 10249.7 4.99751
1209 10226.2 4.99751
1210 25941.4 4.99751
1211 14736.7 4.99751
1212 29968.2 4.99751
1213 64300.4 4.99751
1214 34208.9 4.99751
1215 14989.6 4.99751
1216 21698.4 4.99751
1217 17478.2 4.99751
1218 22076.2 4.99751
1219 22245.7 4.99751
1220 15529.4 4.99751
1221 15110.6 4.99751
1222 19375.4 4.99751
1223 18205 4.99751
1224 5906.49 4.99751
1225 17513 4.99751
1226 9461.68 4.99751
1227 25977.1 4.99751
1228 36718.3 4.99751
1229 13860.2 4.99751
1230 22452.1 4.99751
1231 20451.1 4.99751
1232 9609.83 4.99751
1233 47696.9 4.99751
1234 3972.78 4.99751
1235 18904.8 4.99751
1236 28456.7 4.99751
1237 30933 4.99751
1238 37093.5 4.99751
1239 21406.7 4.99751
1240 18420.4 4.99751
1241 17258.4 4.99751
1242 18793.4 4.99751
1243 18052 4.99751
1244 10714 4.99751
1245 18667.1 4.99751
1246 10921.1 4.99751
1247 28244.4 4.99751
1248 3548.6 4.99751
1249 26277.7 4.99751
1250 5232.79 4.99751
1251 14662.8 4.99751
1252 23075.1 4.99751
1253 34106.9 4.99751
1254 22640.3 4.99751
1255 13859.4 4.99459
1256 4835.65 4.99459
1257 10475.5 4.99459
1258 17182.2 4.99459
1259 29947.2 4.99459
1260 11328.1 4.99459
1261 40500.8 4.99459
1262 12032 4.99459
1263 26318 4.99459
1264 10840.5 4.99459
1265 20954.7 4.99459
1266 50956.1 4.99459
1267 57455.7 4.99459
1268 28419.8 4.99459
1269 13201.3 4.99459
1270 9625.73 4.99459
1271 7087.47 4.99459
1272 26658.5 4.99459
1273 9117.99 4.99459
1274 20833.9 4.99459
1275 17492.2 4.99459
1276 31674.1 4.99459
1277 26616.4 4.99459
1278 41935.5 4.99459
1279 32335.9 4.99459
1280 57751.4 4.99459
1281 35876 4.99459
1282 20375.7 4.99459
1283 29893.8 4.99459
1284 17541.5 4.99459
1285 25324 4.99459
1286 39650.4 4.99459
1287 16644.6 4.99459
1288 21226.2 4.99459
1289 33471.4 4.99459
1290 34943.9 4.99459
1291 35700 4.99459
1292 22989.1 4.99459
1293 15956.4 4.99459
1294 21326 4.99459
1295 19699.1 4.99459
1296 8479.61 4.99459
1297 24409.5 4.99459
1298 8837.17 4.99459
1299 16698.3 4.99459
1300 16131.2 4.99459
1301 12621.5 4.99459
1302 27769.9 4.99459
1303 47586.7 4.99459
1304 39252.6 4.99459
1305 41910.7 4.99459
1306 32398 4.99459
1307 4399.25 4.99459
1308 5092.41 4.99459
1309 38722.1 4.99459
1310 11623.4 4.99459
1311 33641.9 4.99459
1312 30048.9 4.99459
1313 45687.9 4.99459
1314 10787.7 4.99459
1315 47110.1 4.99459
1316 23555.3 4.99459
1317 26177 4.99459
1318 18853.1 4.99459
1319 26053.4 4.99459
1320 40480.5 4.99459
1321 13567 4.99459
1322 27184.9 4.99459
1323 24286.3 4.99459
1324 32425.7 4.99459
1325 31936.2 4.99459
1326 12178.7 4.99459
1327 10853.3 4.99459
1328 6681.44 4.99459
1329 36116.3 4.99459
1330 33835.6 4.99459
1331 16543.3 4.99459
1332 26430.4 4.99459
1333 10110.7 4.99459
1334 48793.3 4.99459
1335 38908.8 4.99459
1336 18229.2 4.99459
1337 28834.7 4.99459
1338 36024.7 4.99459
1339 38339.1 4.99459
1340 29011.6 4.99459
1341 1573.54 4.99459
1342 24397.2 4.99459
1343 12188.7 4.99459
1344 45380.9 4.99459
1345 29164.5 4.99459
1346 18794 4.99459
1347 4527.88 4.99459
1348 33521.7 4.99459
1349 36224.3 4.99459
1350 28258.3 4.99459
1351 35019.3 4.99459
1352 33506 4.99459
1353 24892.1 4.99459
1354 30654.6 4.99459
1355 13388.6 4.99459
1356 2587.01 4.99459
1357 5976.55 4.99459
1358 12783.2 4.99459
1359 7959.18 4.99459
1360 18077.9 4.99459
1361 15101.3 4.99459
1362 20509.1 4.99459
1363 12251.3 4.99459
1364 3693.16 4.99459
1365 36026.4 4.99459
1366 14401.8 4.99459
1367 17890.4 4.99459
1368 30446.2 4.99459
1369 22933.7 4.99459
1370 31881.8 4.99459
1371 40458.5 4.99459
1372 21268 4.99459
1373 17762.1 4.99459
1374 29575.3 4.99459
1375 12615.8 4.99459
1376 19401.7 4.99459
1377 28705.6 4.99459
1378 18295.1 4.99459
1379 25585 4.99459
1380 16006.9 4.99459
1381 10191.5 4.99459
1382 11873.5 4.99459
1383 13641.7 4.99459
1384 42367.3 4.99459
1385 25923.9 4.99459
1386 5596.62 4.99459
1387 48150.9 4.99459
1388 23698.9 4.99459
1389 19024.6 4.99459
1390 13161.6 4.99459
1391 17135.4 4.99459
1392 37301.1 4.99459
1393 40067.4 4.99459
1394 28721.8 4.99459
1395 43176.3 4.99459
1396 34908.3 4.99459
1397 10156.6 4.99459
1398 20318.2 4.99459
1399 11690.4 4.99459
1400 28692.6 4.99459
1401 13692.9 4.99459
1402 9769.47 4.99459
1403 30511.5 4.99459
1404 17059 4.99459
1405 12584 4.99459
1406 11153 4.99459
1407 34069.5 4.99459
1408 25729.3 4.99459
1409 16305.2 4.99459
1410 34353 4.99459
1411 19922.3 4.99459
1412 1979.77 4.99459
1413 37672.7 4.99459
1414 31664.2 4.99459
1415 27458.3 4.99459
1416 19293.6 4.99459
1417 21283.3 4.99459
1418 2704.66 4.99459
1419 21582.1 4.99459
1420 13886.2 4.99459
1421 22377.2 4.99459
1422 36948.8 4.99459
1423 51782.2 4.99459
1424 25416.2 4.99459
1425 25148.2 4.99459
1426 26540.1 4.99459
1427 8327.1 4.99459
1428 46424.7 4.99459
1429 21845.7 4.99459
1430 20748.4 4.99459
1431 17401.5 4.99459
1432 42395 4.99459
1433 37216.3 4.99459
1434 22909.3 4.99459
1435 14889.6 4.99459
1436 27204.4 4.99459
1437 10429.9 4.99459
1438 6772.11 4.99459
1439 19490.1 4.99459
1440 20976.9 4.99459
1441 31549.7 4.99459
1442 35145.1 4.99459
1443 41423.7 4.99459
1444 19317.9 4.99459
1445 23289.2 4.99459
1446 12231.5 4.99459
1447 34231.2 4.99459
1448 14359.4 4.99459
1449 19475.6 4.99459
1450 38769.8 4.99459
1451 16253.6 4.99459
1452 9350.25 4.99459
1453 23142.5 4.99459
1454 26657.8 4.99459
1455 20884.8 4.99459
1456 25264.1 4.99459
1457 23407.2 4.99459
1458 9548.02 4.99459
1459 28007.6 4.99459
1460 9234.62 4.99459
1461 15301.5 4.99459
1462 31857.1 4.99459
1463 32695.6 4.99459
1464 26098.9 4.99459
1465 34808.9 4.99459
1466 43293.7 4.99459
1467 24148.3 4.99459
1468 3153.3 4.99459
1469 30370.8 4.99459
1470 16092.6 4.99459
1471 15287.8 4.99459
1472 23527.1 4.99459
1473 4848.57 4.99459
1474 8611.25 4.99459
1475 4304.96 4.99459
1476 1133.02 4.99459
1477 18507.8 4.99459
1478 28336.9 4.99459
1479 20805.8 4.99459
1480 20338.5 4.99459
1481 13528.9 4.99459
1482 38348.3 4.99459
1483 39521.2 4.99459
1484 17622.8 4.99459
1485 16821.2 4.99459
1486 15584.4 4.99459
1487 53580.7 4.99459
1488 16711.5 4.99459
1489 28814.6 4.99459
1490 21297.7 4.99459
1491 9724.48 4.99459
1492 31103.7 4.99459
1493 45030.3 4.99459
1494 18049 4.99459
1495 16032.1 4.99459
1496 4147.56 4.99459
1497 35968.3 4.99459
1498 26311.5 4.99459
1499 8769.67 4.99459
1500 15069.9 4.99459
1501 63935.1 4.99459
1502 39730.2 4.99459
1503 31138 4.99459
1504 15049.4 4.99459
1505 21208.5 4.99459
1506 15144.9 4.99459
1507 19765.8 4.99459
1508 24084.6 4.99459
1509 53682.3 4.99459
1510 31661.6 4.99459
1511 19768.1 4.99459
1512 16608.8 4.99459
1513 22211.8 4.99459
1514 45034 4.99459
1515 6943.19 4.99459
1516 7867.79 4.99459
1517 20905.7 4.99459
1518 31446.8 4.99459
1519 13383.9 4.99459
1520 7532 4.99459
1521 29115.5 4.99459
1522 687.858 4.99459
1523 5617.73 4.99459
1524 21486.7 4.99459
1525 16826.3 4.99459
1526 7778.75 4.99459
1527 16155.1 4.99459
1528 30142.3 4.99459
1529 28073.3 4.99459
1530 6381.8 4.99459
1531 20074.3 4.99459
1532 12816.5 4.99459
1533 17285 4.99459
1534 27589.4 4.99459
1535 36543.6 4.99459
1536 26595.9 4.99459
1537 9205.22 4.99459
1538 46557.7 4.99459
1539 17585 4.99459
1540 18349.9 4.99459
1541 20449.7 4.99459
1542 31993 4.99459
1543 29543.1 4.99459
1544 29298.8 4.99459
1545 24320.7 4.99459
1546 48385.9 4.99459
1547 4773.76 4.99459
1548 17073.5 4.99459
1549 21917.3 4.99459
1550 29900.8 4.99459
1551 13342.3 4.99459
1552 27420.6 4.99459
1553 36535.1 4.99459
1554 12905.6 4.99459
1555 18493.2 4.99459
1556 10485.5 4.99459
1557 18087.1 4.99459
1558 35968.3 4.99459
1559 42007.6 4.99459
1560 19462.4 4.99459
1561 29371.7 4.99459
1562 23525.9 4.99459
1563 14302.5 4.99459
1564 7725.14 4.99459
1565 26153.1 4.99459
1566 9485.36 4.99459
1567 31434.1 4.99459
1568 17254.1 4.99459
1569 3500.15 4.99459
1570 5388.54 4.99459
1571 36319.9 4.99459
1572 55566.1 4.99459
1573 10042 4.99459
1574 27519.9 4.99459
1575 18094.6 4.99459
1576 13245.4 4.99459
1577 17238.2 4.99459
1578 3754.57 4.99459
1579 52189.7 4.99459
1580 17761 4.99459
1581 21221.3 4.99459
1582 21551 4.99459
1583 24536.4 4.99459
1584 24763.3 4.99459
1585 8675.66 4.99459
1586 33034.4 4.99459
1587 53957.9 4.99459
1588 15536.7 4.99459
1589 16721.2 4.99459
1590 15682.7 4.99459
1591 47069.2 4.99459
1592 13008.3 4.99459
1593 19179.6 4.99459
1594 32671.5 4.99459
1595 36214.6 4.99459
1596 18796.2 4.99459
1597 17758.1 4.99459
1598 22680.3 4.99459
1599 5920 4.99459
1600 26160.5 4.99459
1601 20732.6 4.99459
1602 15543.6 4.99459
1603 1164.18 4.99459
1604 24709.2 4.99459
1605 24938.7 4.99459
1606 16479.3 4.99459
1607 23519.2 4.99459
1608 15501.4 4.99459
1609 31486.3 4.99459
1610 28959.6 4.99459
1611 14231.1 4.99459
1612 3096.05 4.99459
1613 26548.3 4.99459
1614 33486.1 4.99459
1615 10853.6 4.99459
1616 20009.7 4.99459
1617 39111.2 4.99459
1618 45456.5 4.99459
1619 22688.5 4.99459
1620 24424.3 4.99459
1621 28637.4 4.99459
1622 10780.5 4.99459
1623 14656.1 4.99459
1624 10049.6 4.99459
1625 11579.5 4.99459
1626 31752.2 4.99459
1627 22899.4 4.99459
1628 20679.9 4.99459
1629 12062.8 4.99459
1630 40143.3 4.99459
1631 27366.6 4.99459
1632 12626 4.99459
1633 1349.38 4.99459
1634 22934.7 4.99459
1635 24136.7 4.99459
1636 39412.5 4.99459
1637 20100.2 4.99459
1638 25569.3 4.99459
1639 37882 4.99459
1640 18579.1 4.99459
1641 33767.4 4.99459
1642 18124.2 4.99459
1643 24430.1 4.99459
1644 41659.3 4.99459
1645 28481.6 4.99459
1646 13614 4.99459
1647 20256.5 4.99459
1648 28544 4.99459
1649 7333.92 4.99459
1650 12955.4 4.99459
1651 8808.16 4.99459
1652 46618.3 4.99459
1653 28386.4 4.99459
1654 14855.8 4.99459
1655 20962.6 4.99459
1656 35705.1 4.99459
1657 66102.2 4.99459
1658 15379.5 4.99459
1659 29711.7 4.99459
1660 37229.6 4.99459
1661 39641.2 4.99459
1662 24319.6 4.99459
1663 39651 4.99459
1664 19364.2 4.99459
1665 29242.6 4.99459
1666 54267.4 4.99459
1667 20735.1 4.99459
1668 16010.4 4.99459
1669 31987.2 4.99459
1670 32698.7 4.99459
1671 27231.6 4.99459
1672 9272.11 4.99459
1673 57481 4.99459
1674 12899.2 4.99459
1675 18935.6 4.99459
1676 29181.8 4.99459
1677 29800.3 4.99459
1678 32517.1 4.99459
1679 6484.17 4.99459
1680 22916.8 4.99459
1681 12098.5 4.99459
1682 11920.6 4.99459
1683 18833 4.99459
1684 14722.8 4.99459
1685 12102 4.99459
1686 25459.1 4.99459
1687 19187.9 4.99459
1688 30072.6 4.99459
1689 17793.8 4.99459
1690 39053.6 4.99459
1691 19033 4.99459
1692 15758.5 4.99459
1693 19003.1 4.99459
1694 17241 4.99459
1695 23804.5 4.99459
1696 3386.27 4.99459
1697 22899.5 4.99459
1698 17687.6 4.99459
1699 12499.5 4.99459
1700 25834.2 4.99459
1701 33392.6 4.99459
1702 47902.8 4.99459
1703 53067.2 4.99459
1704 27067.9 4.99459
1705 50535.7 4.99459
1706 22399.4 4.99459
1707 4087.15 4.99459
1708 43101.2 4.99459
1709 9703.77 4.99459
1710 14053.1 4.99459
1711 11023.1 4.99459
1712 27579.5 4.99459
1713 36583.6 4.99459
1714 29372.6 4.99459
1715 23252.4 4.99459
1716 21875.6 4.99459
1717 30317.4 4.99459
1718 44903.5 4.99459
1719 42232.2 4.99459
1720 67570.4 4.99459
1721 55225.1 4.99459
1722 10429.7 4.99459
1723 16947.1 4.99459
1724 10359.6 4.99459
1725 13319.8 4.99459
1726 30990.3 4.99459
1727 32071.3 4.99459
1728 36808 4.99459
1729 10151.1 4.99459
1730 20378 4.99459
1731 14717.1 4.99459
1732 16982.8 4.99459
1733 31362.8 4.99459
1734 18845.3 4.99459
1735 5837.54 4.99459
1736 56619.1 4.99459
1737 14016.2 4.99459
1738 5042.87 4.99459
1739 14236.2 4.99459
1740 11906.2 4.99459
1741 34105.1 4.99459
1742 13755.9 4.99459
1743 22136.8 4.99459
1744 21528.9 4.99459
1745 20128.3 4.99459
1746 21311 4.99459
1747 35735.2 4.99459
1748 16438.2 4.99459
1749 32403.8 4.99459
1750 30501.2 4.99459
1751 21522.2 4.99459
1752 28963.3 4.99459
1753 21657.2 4.99459
1754 26707.3 4.99459
1755 34062.5 4.99459
1756 20281.5 4.99459
1757 16048.2 4.99459
1758 26368.6 4.99459
1759 27277.7 4.99459
1760 15830.9 4.99459
1761 19459 4.99459
1762 40253 4.99459
1763 15624.6 4.99459
1764 24095.9 4.99459
1765 26801.3 4.99459
1766 14242 4.99459
1767 7069.05 4.99459
1768 10063.2 4.99459
1769 33322 4.99459
1770 49745.2 4.99459
1771 31273.3 4.99459
1772 3902.04 4.99459
1773 31453.2 4.99459
1774 11668.8 4.99459
1775 24231 4.99459
1776 12511.9 4.99459
1777 23647.9 4.99459
1778 11716.9 4.99459
1779 29937.7 4.99459
1780 12929.1 4.99459
1781 16652.6 4.99459
1782 16116.6 4.99459
1783 23338.2 4.99459
1784 23800.2 4.99459
1785 33981.7 4.99459
1786 27503.4 4.99459
1787 3652.32 4.99459
1788 47574.5 4.99459
1789 13822.9 4.99459
1790 10954.7 4.99459
1791 37647.4 4.99459
1792 23214.2 4.99459
1793 33449.3 4.99459
1794 8445.61 4.99459
1795 19006.5 4.99459
1796 23338.7 4.99459
1797 39383.2 4.99459
1798 31572.2 4.99459
1799 40282.9 4.99459
1800 19039.7 4.99459
1801 22034.4 4.99459
1802 20703 4.99459
1803 14240.2 4.99459
1804 16941.7 4.99459
1805 12829.3 4.99459
1806 26426.3 4.99459
1807 22822.1 4.99459
1808 20618.7 4.99459
1809 15166.6 4.99459
1810 32058.4 4.99459
1811 42481.1 4.99459
1812 36171 4.99459
1813 29036.8 4.99459
1814 30733.2 4.99459
1815 18380.7 4.99459
1816 3058.87 4.99459
1817 27141.8 4.99459
1818 26638.9 4.99459
1819 8290.9 4.99459
1820 15868.2 4.99459
1821 24903 4.99459
1822 38773.7 4.99459
1823 8724.15 4.99459
1824 17007.5 4.99459
1825 26392.8 4.99459
1826 22605 4.99459
1827 10223.1 4.99459
1828 46743.7 4.99459
1829 20730.6 4.99459
1830 31372.9 4.99459
1831 19080.6 4.99459
1832 28436.9 4.99459
1833 28803.9 4.99459
1834 20128.6 4.99459
1835 19283.2 4.99459
1836 7820.4 4.99459
1837 27880.9 4.99459
1838 23013.6 4.99459
1839 23671.8 4.99459
1840 11942.2 4.99459
1841 31773.3 4.99459
1842 10830.8 4.99459
1843 23314.4 4.99459
1844 24036.4 4.99459
1845 11067.1 4.99459
1846 19713.7 4.99459
1847 14806.8 4.99459
1848 26349.2 4.99459
1849 15373.7 4.99459
1850 16301.9 4.99459
1851 19675.5 4.99459
1852 24109.6 4.99459
1853 28494.1 4.99459
1854 33983.5 4.99459
1855 11550.6 4.99459
1856 40164.1 4.99459
1857 10949.3 4.99459
1858 30613 4.99459
1859 34737.4 4.99459
1860 30866.2 4.99459
1861 13833.3 4.99459
1862 20759.8 4.99459
1863 36018 4.99459
1864 14332.9 4.99459
1865 28349.1 4.99459
1866 9842.21 4.99459
1867 3794.9 4.99459
1868 29063.9 4.99459
1869 2693.7 4.99459
1870 34843.6 4.99459
1871 29017.8 4.99459
1872 34816.5 4.99459
1873 9677.63 4.99459
1874 12948 4.99459
1875 12411.6 4.99459
1876 10165.3 4.99459
1877 11562.9 4.99459
1878 29874.1 4.99459
1879 6092.87 4.99459
1880 27470.1 4.99459
1881 48233.5 4.99459
1882 45456.5 4.99459
1883 20112.2 4.99459
1884 22120.3 4.99459
1885 26122.8 4.99459
1886 20649.4 4.99459
1887 20888.9 4.99459
1888 29760.6 4.99459
1889 14740.2 4.99459
1890 20848 4.99459
1891 6210.42 4.99459
1892 7732.28 4.99459
1893 45748 4.99459
1894 17989.7 4.99459
1895 39790.2 4.99459
1896 40660.3 4.99459
1897 18370.1 4.99459
1898 22412.9 4.99459
1899 10678.8 4.99459
1900 15936.7 4.99459
1901 14191.6 4.99459
1902 23679.4 4.99459
1903 32366.1 4.99459
1904 23532.2 4.99459
1905 9848.06 4.99459
1906 25435.3 4.99459
1907 22826.5 4.99459
1908 27675 4.99459
1909 19250 4.99459
1910 22843 4.99459
1911 24923 4.99459
1912 30718.4 4.99459
1913 35745.4 4.99459
1914 24588.3 4.99459
1915 16928.7 4.99459
1916 28438.6 4.99459
1917 22993.4 4.99459
1918 41687.5 4.99459
1919 40103.9 4.99459
1920 23365.8 4.99459
1921 17240.8 4.99459
1922 32466.2 4.99459
1923 26017.6 4.99459
1924 18131.3 4.99459
1925 19966.3 4.99459
1926 12956.5 4.99459
1927 822.213 4.99459
1928 28361.4 4.99459
1929 2856.68 4.99459
1930 31726.1 4.99459
1931 15097.1 4.99459
1932 13206.6 4.99459
1933 8275.48 4.99459
1934 7624.15 4.99459
1935 47644.5 4.99459
1936 27209 4.99459
1937 15457.9 4.99459
1938 14346 4.99459
1939 19329.8 4.99459
1940 32334.4 4.99459
1941 16136.2 4.99459
1942 20452.5 4.99459
1943 20787 4.99459
1944 11580.9 4.99459
1945 52925.3 4.99459
1946 24157.8 4.99459
1947 29815.9 4.99459
1948 43628.3 4.99459
1949 14807 4.99459
1950 14101.2 4.99459
1951 26055.5 4.99459
1952 19581.1 4.99459
1953 18687.7 4.99459
1954 10464.6 4.99459
1955 31743.5 4.99459
1956 27172.6 4.99459
1957 20996.2 4.99459
1958 4823.62 4.99459
1959 11114.4 4.99459
1960 23545.3 4.99459
1961 25726.7 4.99459
1962 3674.33 4.99459
1963 23956.6 4.99459
1964 18596.5 4.99459
1965 37321.4 4.99459
1966 31321 4.99459
1967 40704.4 4.99459
1968 31807.6 4.99459
1969 18081.7 4.99459
1970 5224.03 4.99459
1971 41924.1 4.99459
1972 29556.8 4.99459
1973 16935.5 4.99459
1974 31932.6 4.99459
1975 16995.5 4.99459
1976 4971.13 4.99459
1977 37630.3 4.99459
1978 18316.4 4.99459
1979 16287.6 4.99459
1980 7621.35 4.99459
1981 14653.1 4.99459
1982 18550.1 4.99459
1983 26594.2 4.99459
1984 33413 4.99459
1985 23915.2 4.99459
1986 25094.3 4.99459
1987 5015.85 4.99459
1988 10687.5 4.99459
1989 29169.7 4.99459
1990 19073.1 4.99459
1991 17005.3 4.99459
1992 29420.6 4.99459
1993 40052.8 4.99459
1994 27910.7 4.99459
1995 27534.7 4.99459
1996 22840.1 4.99459
1997 25730.7 4.99459
1998 34952.7 4.99459
1999 32775.6 4.99459
2000 11662.7 4.99459
2001 24997.7 4.99459
2002 23109.3 4.99459
2003 9851.78 4.99459
2004 46170 4.99459
2005 67912.3 4.99459
2006 31247.7 4.99459
2007 40688.2 4.99459
2008 27897.6 4.99459
2009 31472.8 4.99459
2010 24031.7 4.99459
2011 20806.2 4.99459
2012 17415.1 4.99459
2013 20974.3 4.99459
2014 26246.3 4.99459
2015 2646.66 4.99459
2016 27062.2 4.99459
2017 18213.2 4.99459
2018 25075.5 4.99459
2019 15482.4 4.99459
2020 11162.8 4.99459
2021 8381.29 4.99459
2022 13804 4.99459
2023 18277.6 4.99459
2024 20006.2 4.99459
2025 27272.7 4.99459
2026 23715.4 4.99459
2027 36326.8 4.99459
2028 25513 4.99459
2029 7427.66 4.99459
2030 20990.7 4.99459
2031 16074.1 4.99459
2032 41260.4 4.99459
2033 23716 4.99459
2034 9369.9 4.99459
2035 27355.3 4.99459
2036 12965.1 4.99459
2037 17388.9 4.99459
2038 15807.3 4.99459
2039 26565.9 4.99459
2040 3444.4 4.99459
2041 8784.41 4.99459
2042 23936 4.99459
2043 18962.2 4.99459
2044 12328 4.99459
2045 28468.1 4.99459
2046 26237.8 4.99459
2047 27606.2 4.99459
2048 25054.5 4.99459
2049 31696.9 4.99459
2050 5549.27 4.99459
2051 24529.7 4.99459
2052 17434.6 4.99459
2053 12210.8 4.99459
2054 18853 4.99459
2055 35060.9 4.99459
2056 6944.76 4.99459
2057 44177.3 4.99459
2058 13674.8 4.99459
2059 8929.91 4.99459
2060 23449.8 4.99459
2061 15276.3 4.99459
2062 24661.9 4.99459
2063 22526.6 4.99459
2064 19495.9 4.99459
2065 19119.4 4.99459
2066 8976.38 4.99459
2067 50044.7 4.99459
2068 20245 4.99459
2069 5303.02 4.99459
2070 31744.4 4.99459
2071 12709 4.99459
2072 17558.4 4.99459
2073 14384.1 4.99459
2074 33300.1 4.99459
2075 28787.8 4.99459
2076 19356.5 4.99459
2077 2407.95 4.99459
2078 21767.1 4.99459
2079 32600.8 4.99459
2080 23854.2 4.99459
2081 42924.2 4.99459
2082 14553.4 4.99459
2083 53596.8 4.99459
2084 20552.7 4.99459
2085 34943.1 4.99459
2086 32249.3 4.99459
2087 43269.2 4.99459
2088 27886.8 4.99459
2089 17398.7 4.99459
2090 23361.4 4.99459
2091 15536.7 4.99459
2092 41898.2 4.99459
2093 26333.3 4.99459
2094 14500.2 4.99459
2095 11163.9 4.99459
2096 19836.4 4.99459
2097 11503 4.99459
2098 27436.9 4.99459
2099 27749.9 4.99459
2100 24858.7 4.99459
2101 15492.5 4.99459
2102 28882.1 4.99459
2103 11138.9 4.99459
2104 27259 4.99459
2105 17790.4 4.99459
2106 32834.8 4.99459
2107 10387.9 4.99459
2108 2447.48 4.99459
2109 1569.54 4.99459
2110 26157.6 4.99459
2111 27805.1 4.99459
2112 28130.7 4.99459
2113 42869 4.99459
2114 17623.6 4.99459
2115 39678.8 4.99459
2116 22542.9 4.99459
2117 21252.9 4.99459
2118 22093.2 4.99459
2119 17004.4 4.99459
2120 30188 4.99459
2121 2876.32 4.99459
2122 15776.4 4.99459
2123 10194.4 4.99459
2124 17999.2 4.99459
2125 32008 4.99459
2126 31995.7 4.99459
2127 8423.33 4.99459
2128 11284.5 4.99459
2129 14866.4 4.99459
2130 1569.63 4.99459
2131 45850.8 4.99459
2132 29762.1 4.99459
2133 44029.4 4.99459
2134 29334.3 4.99459
2135 13268.5 4.99459
2136 10001.7 4.99459
2137 5083.27 4.99459
2138 64033.5 4.99459
2139 30119.3 4.99459
2140 6644.32 4.99459
2141 18577.7 4.99459
2142 12333 4.99459
2143 23758 4.99459
2144 15061.8 4.99459
2145 10392.7 4.99459
2146 17906.6 4.99459
2147 30984.8 4.99459
2148 44978.6 4.99459
2149 24737.2 4.99459
2150 11409.4 4.99459
2151 18843.2 4.99459
2152 16733.2 4.99459
2153 4814.13 4.99459
2154 16228 4.99459
2155 20076.2 4.99459
2156 19041.3 4.99459
2157 49871.8 4.99459
2158 13710.7 4.99459
2159 25809.4 4.99459
2160 21027.5 4.99459
2161 39078.8 4.99459
2162 11877.2 4.99459
2163 21599.2 4.99459
2164 7420.79 4.99459
2165 38295.2 4.99459
2166 8153.16 4.99459
2167 17202.4 4.99459
2168 22466.7 4.99459
2169 13061.8 4.99459
2170 13295 4.99459
2171 17165.9 4.99459
2172 18960.8 4.99459
2173 26622.3 4.99459
2174 21549 4.99459
2175 15347 4.99459
2176 31675.3 4.99459
2177 42552.8 4.99459
2178 26857.1 4.99459
2179 20509.3 4.99459
2180 23102 4.99459
2181 32240.2 4.99459
2182 36572.9 4.99459
2183 15791.3 4.99459
2184 16409.3 4.99459
2185 20794.2 4.99459
2186 14616.1 4.99459
2187 24540 4.99459
2188 35390.5 4.99459
2189 52043.6 4.99459
2190 40317.2 4.99459
2191 40507.6 4.99459
2192 35108.4 4.99459
2193 27701.9 4.99459
2194 32062.3 4.99459
2195 44224.9 4.99459
2196 22531.6 4.99459
2197 994.66 4.99459
2198 17819.9 4.99459
2199 13949.9 4.99459
2200 24664.3 4.99459
2201 22549.4 4.99459
2202 17790.9 4.99459
2203 38558.9 4.99459
2204 25801.2 4.99459
2205 41439 4.99459
2206 28858 4.99459
2207 20464.8 4.99459
2208 10690.1 4.99459
2209 25422.6 4.99459
2210 12695.3 4.99459
2211 35743.3 4.99459
2212 19909.8 4.99459
2213 26839 4.99459
2214 12762.1 4.99459
2215 6017.91 4.99459
2216 6564.29 4.99459
2217 20967.8 4.99459
2218 20947.6 4.99459
2219 19802.3 4.99459
2220 21239.1 4.99459
2221 18818.8 4.99459
2222 13243.3 4.99459
2223 20703 4.99459
2224 28739.3 4.99459
2225 9879.59 4.99459
2226 48942.3 4.99459
2227 37810.6 4.99459
2228 45940.1 4.99459
2229 32374.9 4.99459
2230 41462.6 4.99459
2231 10979.5 4.99459
2232 14771.6 4.99459
2233 12556 4.99459
2234 5627.1 4.99459
2235 19975.7 4.99459
2236 29976.8 4.99459
2237 37115.5 4.99459
2238 19826.3 4.99459
2239 31060 4.99459
2240 34374.3 4.99459
2241 15177.3 4.99459
2242 4910.22 4.99459
2243 32839.2 4.99459
2244 29729.8 4.99459
2245 12783.6 4.99459
2246 12110.5 4.99459
2247 34815.1 4.99459
2248 33543.1 4.99459
2249 18860.7 4.99459
2250 20534.7 4.99459
2251 29926.8 4.99459
2252 40235.2 4.99459
2253 17559.1 4.99459
2254 15441.2 4.99459
2255 25491.3 4.99459
2256 31027.2 4.99459
2257 31254.2 4.99459
2258 12346.8 4.99459
2259 14962.3 4.99459
2260 37241.9 4.99459
2261 9153.41 4.99459
2262 40411.7 4.99459
2263 29335.3 4.99459
2264 30540.8 4.99459
2265 11197.7 4.99459
2266 16497.7 4.99459
2267 4899.41 4.99459
2268 10053.6 4.99459
2269 23079.1 4.99459
2270 31914.3 4.99459
2271 9307.77 4.99459
2272 24112.3 4.99459
2273 5685.12 4.99459
2274 36098.4 4.99459
2275 42704.9 4.99459
2276 26928.2 4.99459
2277 3840.56 4.99459
2278 11488.6 4.99459
2279 25198.7 4.99459
2280 10179.2 4.99459
2281 27767.9 4.99459
2282 25888 4.99459
2283 28503.7 4.99459
2284 23028.6 4.99459
2285 17340.8 4.99459
2286 12850.1 4.99459
2287 25720.5 4.99459
2288 23540.2 4.99459
2289 22660.4 4.99459
2290 40310.1 4.99459
2291 24105.2 4.99459
2292 46120.8 4.99459
2293 34557.2 4.99459
2294 34639.9 4.99459
2295 21898 4.99459
2296 15303 4.99459
2297 15236.7 4.99459
2298 2177.86 4.99459
2299 26802.7 4.99459
2300 21365.9 4.99459
2301 46447.2 4.99459
2302 35670.6 4.99459
2303 38636.8 4.99459
2304 36616.2 4.99459
2305 23167.4 4.99459
2306 9233.41 4.99459
2307 23343 4.99459
2308 8129.85 4.99459
2309 37137 4.99459
2310 35307.2 4.99459
2311 10865.4 4.99459
2312 4374.73 4.99459
2313 12717 4.99459
2314 24976.5 4.99459
2315 15955.6 4.99459
2316 5407.28 4.99459
2317 12030.4 4.99459
2318 42687.1 4.99459
2319 41764 4.99459
2320 13297.2 4.99459
2321 12325.9 4.99459
2322 40382.3 4.99459
2323 26732.6 4.99459
2324 33627 4.99459
2325 27725.9 4.99459
2326 25250.8 4.99459
2327 19774.5 4.99459
2328 21795.1 4.99459
2329 16981.3 4.99459
2330 27959.3 4.99459
2331 29411.5 4.99459
2332 23587.7 4.99459
2333 23031 4.99459
2334 33639.5 4.99459
2335 32055.3 4.99459
2336 36057 4.99459
2337 16529.6 4.99459
2338 7085.37 4.99459
2339 23657 4.99459
2340 26013.5 4.99459
2341 38475 4.99459
2342 4530.04 4.99459
2343 39083.7 4.99459
2344 43115.4 4.99459
2345 15598.1 4.99459
2346 30969 4.99459
2347 23610.6 4.99459
2348 26247.3 4.99459
2349 23525.6 4.99459
2350 13361.7 4.99459
2351 34805.8 4.99459
2352 30086 4.99459
2353 20879.4 4.99459
2354 24379.8 4.99459
2355 28781.9 4.99459
2356 14133.1 4.99459
2357 1200.33 4.99459
2358 12880.8 4.99459
2359 52847.7 4.99459
2360 366.984 4.99459
2361 10277.5 4.99459
2362 22742.7 4.99459
2363 18205.1 4.99459
2364 13847.6 4.99459
2365 8351.86 4.99459
2366 28391.4 4.99459
2367 17135.7 4.99459
2368 18659.4 4.99459
2369 24551.9 4.99459
2370 4252.5 4.99459
2371 18108.5 4.99459
2372 7861.51 4.99459
2373 18330.1 4.99459
2374 26102.1 4.99459
2375 10119 4.99459
2376 25436.9 4.99459
2377 18677.2 4.99459
2378 31458 4.99459
2379 15564.6 4.99459
2380 16869 4.99459
2381 40672.1 4.99459
2382 18004.1 4.99459
2383 34899.5 4.99459
2384 11656.2 4.99459
2385 26940.4 4.99459
2386 40086.6 4.99459
2387 31912.6 4.99459
2388 39067.8 4.99459
2389 10939.8 4.99459
2390 14288.2 4.99459
2391 11803.2 4.99459
2392 15719.7 4.99459
2393 20690.7 4.99459
2394 27110.3 4.99459
2395 11124.2 4.99459
2396 15578.2 4.99459
2397 16818.5 4.99459
2398 3260.67 4.99459
2399 18067.5 4.99459
2400 21022.2 4.99459
2401 22238.4 4.99459
2402 12012.1 4.99459
2403 23857.8 4.99459
2404 11735.7 4.99459
2405 23936.1 4.99459
2406 16824.6 4.99459
2407 22926.7 4.99459
2408 19479 4.99459
2409 12896.3 4.99459
2410 16835.9 4.99459
2411 35990.3 4.99459
2412 29768 4.99459
2413 23671.4 4.99459
2414 39128 4.99459
2415 26381.6 4.99459
2416 22762 4.99459
2417 19789.8 4.99459
2418 24105.9 4.99459
2419 5255.05 4.99459
2420 5610.37 4.99459
2421 38731.1 4.99459
2422 19108.2 4.99459
2423 5375.73 4.99459
2424 18515.8 4.99459
2425 10471.2 4.99459
2426 13938.5 4.99459
2427 33848.5 4.99459
2428 20787.3 4.99459
2429 10429.2 4.99459
2430 21125.1 4.99459
2431 8770.57 4.99459
2432 18633.9 4.99459
2433 38015.1 4.99459
2434 15975.7 4.99459
2435 36600.2 4.99459
2436 5238.11 4.99459
2437 44388.9 4.99459
2438 19610.7 4.99459
2439 6948.09 4.99459
2440 17805.4 4.99459
2441 12581.1 4.99459
2442 18024.7 4.99459
2443 32598.9 4.99459
2444 4528.28 4.99459
2445 34702.8 4.99459
2446 11152.6 4.99459
2447 30208 4.99459
2448 14117.1 4.99459
2449 17775.8 4.99459
2450 18160.5 4.99459
2451 22419.4 4.99459
2452 12376.1 4.99459
2453 19799.8 4.99459
2454 45386 4.99459
2455 9708.88 4.99459
2456 31094.8 4.99459
2457 28310 4.99459
2458 9920 4.99459
2459 7046.3 4.99459
2460 20412.8 4.99459
2461 8629.52 4.99459
2462 32256.7 4.99459
2463 20683.1 4.99459
2464 11430.1 4.99459
2465 33702.5 4.99459
2466 51230.5 4.99459
2467 5832.47 4.99459
2468 38219.4 4.99459
2469 15514.5 4.99459
2470 16101.2 4.99459
2471 13573.5 4.99459
2472 4024.49 4.99459
2473 14714.9 4.99459
2474 33563.1 4.99459
2475 34756.1 4.99459
2476 30071.3 4.99459
2477 5919.92 4.99459
2478 19311.7 4.99459
2479 19419.9 4.99459
2480 37607.9 4.99459
2481 35095.6 4.99459
2482 18895.8 4.99459
2483 35952.3 4.99459
2484 39361.9 4.99459
2485 28580.5 4.99459
2486 20808.2 4.99459
2487 14431.9 4.99459
2488 35039.3 4.99459
2489 18959.4 4.99459
2490 11180.2 4.99459
2491 30062.1 4.99459
2492 7926.1 4.99459
2493 25865.1 4.99459
2494 3515.97 4.99459
2495 27162 4.99459
2496 10170.3 4.99459
2497 28690.7 4.99459
2498 11578.2 4.99459
2499 18448.4 4.99459
2500 32749.7 4.99459
2501 29352.7 4.99459
2502 39568.8 4.99459
2503 21495.7 4.99459
2504 30787.1 4.99459
2505 23324.9 4.99459
2506 12645.1 4.99459
2507 43858.3 4.99459
2508 48681.6 4.99459
2509 16250.4 4.99459
2510 31000 4.99459
2511 17333.6 4.99459
2512 18111.7 4.99459
2513 31645.8 4.99459
2514 17445.1 4.99459
2515 3289.15 4.99459
2516 13030.1 4.99459
2517 17047.3 4.99459
2518 15760.4 4.99459
2519 23560.1 4.99459
2520 9513.41 4.99459
2521 24323.3 4.99459
2522 26263.4 4.99459
2523 13723.9 4.99459
2524 5649.22 4.99459
2525 9568.26 4.99459
2526 44537.8 4.99459
2527 12486.1 4.99459
2528 23188.4 4.99459
2529 26255.3 4.99459
2530 19880.9 4.99459
2531 7872.36 4.99459
2532 9135.39 4.99459
2533 30375.6 4.99459
2534 17329.1 4.99459
2535 10259.3 4.99459
2536 25074 4.99459
2537 7070.49 4.99459
2538 21344.3 4.99459
2539 20666.9 4.99459
2540 5171.15 4.99459
2541 13681.5 4.99459
2542 28821.7 4.99459
2543 26347.3 4.99459
2544 21634.7 4.99459
2545 49734.2 4.99459
2546 29902.7 4.99459
2547 23288.5 4.99459
2548 6907.04 4.99459
2549 42799.1 4.99459
2550 25813.3 4.99459
2551 12023.5 4.99459
2552 30694.2 4.99459
2553 39501.6 4.99459
2554 28973.3 4.99459
2555 28655.4 4.99459
2556 10478 4.99459
2557 17571.4 4.99459
2558 19667.1 4.99459
2559 44130.8 4.99459
2560 22298.1 4.99459
2561 13230.5 4.99459
2562 32830.1 4.99459
2563 25514.6 4.99459
2564 19338 4.99459
2565 10272.8 4.99459
2566 15051.7 4.99459
2567 20266.2 4.99459
2568 21485.9 4.99459
2569 21877.6 4.99459
2570 17812.9 4.99459
2571 33634.1 4.99459
2572 13950.9 4.99459
2573 34024.2 4.99459
2574 24870.4 4.99459
2575 33158.8 4.99459
2576 17006.2 4.99459
2577 37220.8 4.99459
2578 51747.1 4.99459
2579 40230.8 4.99459
2580 38228.3 4.99459
2581 19662.8 4.99459
2582 21093.1 4.99459
2583 35827 4.99459
2584 10911.7 4.99459
2585 24956.1 4.99459
2586 6977.04 4.99459
2587 23257.8 4.99459
2588 22704.4 4.99459
2589 18161.6 4.99459
2590 2948 4.99459
2591 28132.8 4.99459
2592 24341.6 4.99459
2593 23016.5 4.99459
2594 11163 4.99459
2595 33575.4 4.99459
2596 15643.2 4.99459
2597 14095.6 4.99459
2598 13646.6 4.99459
2599 29299.1 4.99459
2600 11355.7 4.99459
2601 49144 4.99459
2602 43663.6 4.99459
2603 34793.1 4.99459
2604 30705.2 4.99459
2605 41075 4.99459
2606 35264.2 4.99459
2607 41356.4 4.99459
2608 39165.9 4.99459
2609 10847.3 4.99459
2610 28421.8 4.99459
2611 20499.7 4.99459
2612 3012.07 4.99459
2613 9607.88 4.99459
2614 26001.6 4.99459
2615 3077.1 4.99459
2616 15033 4.99459
2617 27536.2 4.99459
2618 21859.6 4.99459
2619 14679.5 4.99459
2620 8061.08 4.99459
2621 32856.8 4.99459
2622 40883.3 4.99459
2623 21453.1 4.99459
2624 38066.9 4.99459
2625 20874.1 4.99459
2626 8355.18 4.99459
2627 20024.9 4.99459
2628 6557.63 4.99459
2629 11675.5 4.99459
2630 26641.3 4.99459
2631 17253.5 4.99459
2632 25649.2 4.99459
2633 20756.6 4.99459
2634 35551.5 4.99459
2635 34090.5 4.99459
2636 3041.79 4.99459
2637 23762.3 4.99459
2638 13047.9 4.99459
2639 16821.9 4.99459
2640 34318.5 4.99459
2641 12964.3 4.99459
2642 8642.69 4.99459
2643 13475.1 4.99459
2644 30886.7 4.99459
2645 30451.9 4.99459
2646 33500.6 4.99459
2647 28142.7 4.99459
2648 13455.1 4.99459
2649 1952.88 4.99459
2650 15044.6 4.99459
2651 39526.4 4.99459
2652 28784 4.99459
2653 9787.47 4.99459
2654 33375.5 4.99459
2655 35317.2 4.99459
2656 20213.3 4.99459
2657 36079.4 4.99459
2658 17605.4 4.99459
2659 14623.3 4.99459
2660 4586.81 4.99459
2661 18277.2 4.99459
2662 26233.7 4.99459
2663 19689.8 4.99459
2664 25176.8 4.99459
2665 15942.2 4.99459
2666 28766.9 4.99459
2667 13971.2 4.99459
2668 12275.9 4.99459
2669 36966.9 4.99459
2670 27125 4.99459
2671 24868.3 4.99459
2672 33856.5 4.99459
2673 26197.9 4.99459
2674 34045.2 4.99459
2675 33954.3 4.99459
2676 17190.6 4.99459
2677 31678.6 4.99459
2678 23610.8 4.99459
2679 48884 4.99459
2680 35086.1 4.99459
2681 3648.71 4.99459
2682 12883.1 4.99459
2683 18929.9 4.99459
2684 25805.7 4.99459
2685 22175.6 4.99459
2686 5404.82 4.99459
2687 19151.3 4.99459
2688 23778.2 4.99459
2689 14706.8 4.99459
2690 16395.7 4.99459
2691 42357.8 4.99459
2692 19304.9 4.99459
2693 18405 4.99459
2694 25746.4 4.99459
2695 13245.8 4.99459
2696 51828.1 4.99459
2697 31977.5 4.99459
2698 18266.1 4.99459
2699 2320.52 4.99459
2700 6573.59 4.99459
2701 17710.6 4.99459
2702 21858.3 4.99459
2703 21063.4 4.99459
2704 24631 4.99459
2705 8717.29 4.99459
2706 24984.3 4.99459
2707 28760 4.99459
2708 29820.4 4.99459
2709 15124.9 4.99459
2710 14393.9 4.99459
2711 18043.8 4.99459
2712 11824.8 4.99459
2713 13767.5 4.99459
2714 10488.1 4.99459
2715 10672.5 4.99459
2716 3086.28 4.99459
2717 35900.6 4.99459
2718 39775.2 4.99459
2719 1258.22 4.99459
2720 8262.59 4.99459
2721 16133.2 4.99459
2722 22799.7 4.99459
2723 8333.86 4.99459
2724 2773.86 4.99459
2725 8217.94 4.99459
2726 34091.1 4.99459
2727 43092 4.99459
2728 11747.5 4.99459
2729 9961.24 4.99459
2730 23810.9 4.99459
2731 26621.6 4.99459
2732 11788.4 4.99459
2733 28823.9 4.99459
2734 15187.9 4.99459
2735 18904.5 4.99459
2736 33625.2 4.99459
2737 5493.24 4.99459
2738 14586.2 4.99459
2739 19054.7 4.99459
2740 15489.3 4.99459
2741 37745.7 4.99459
2742 12991.4 4.99459
2743 8682.05 4.99459
2744 38376.1 4.99459
2745 40385.1 4.99459
2746 7699.31 4.99459
2747 24889.9 4.99459
2748 29179.9 4.99459
2749 12188.1 4.99459
2750 15416.4 4.99459
2751 69255.2 4.99459
2752 20455.7 4.99459
2753 18753.8 4.99459
2754 3792.31 4.99459
2755 21125.6 4.99459
2756 2777.65 4.99459
2757 10529.7 4.99459
2758 3910.94 4.99459
2759 26023.2 4.99459
2760 15083.8 4.99459
2761 11379.8 4.99459
2762 29306.2 4.99459
2763 4104.45 4.99459
2764 19862.9 4.99459
2765 18305.8 4.99459
2766 9025.39 4.99459
2767 27581.9 4.99459
2768 25738.7 4.99459
2769 21082.3 4.99459
2770 36718.4 4.99459
2771 16728.3 4.99459
2772 23011.8 4.99459
2773 16743.6 4.99459
2774 27217.2 4.99459
2775 45122.2 4.99459
2776 37769.4 4.99459
2777 23108.8 4.99459
2778 11605.1 4.99459
2779 25595.1 4.99459
2780 17078.7 4.99459
2781 28903.3 4.99459
2782 28947.5 4.99459
2783 18963.4 4.99459
2784 31666.1 4.99459
2785 53930.3 4.99459
2786 18693.9 4.99459
2787 19394.7 4.99459
2788 10101.8 4.99459
2789 48523.6 4.99459
2790 19303.9 4.99459
2791 9200.81 4.99459
2792 6549.27 4.99459
2793 16197.4 4.99459
2794 28867.4 4.99459
2795 21280.2 4.99459
2796 34154.5 4.99459
2797 62949.1 4.99459
2798 12056.8 4.99459
2799 26836.8 4.99459
2800 30768.1 4.99459
2801 10000.9 4.99459
2802 36221.9 4.99459
2803 32289.2 4.99459
2804 18797.7 4.99459
2805 15855.8 4.99459
2806 30648.9 4.99459
2807 21215.2 4.99459
2808 28332.2 4.99459
2809 27242.2 4.99459
2810 1300.85 4.99459
2811 14253.7 4.99459
2812 19419.5 4.99459
2813 20121.1 4.99459
2814 20620.8 4.99459
2815 23592.5 4.99459
2816 35236.2 4.99459
2817 19376.7 4.99459
2818 27442.5 4.99459
2819 28110 4.99459
2820 23550.8 4.99459
2821 25992.5 4.99459
2822 22947.1 4.99459
2823 6219.71 4.99459
2824 23248.1 4.99459
2825 24776.7 4.99459
2826 29454.3 4.99459
2827 16745.5 4.99459
2828 21351 4.99459
2829 10065.9 4.99459
2830 3364.24 4.99459
2831 12832.3 4.99459
2832 29340.6 4.99459
2833 11897.2 4.99459
2834 27787 4.99459
2835 19119.7 4.99459
2836 43320.3 4.99459
2837 12968.1 4.99459
2838 14032.2 4.99459
2839 15492.4 4.99459
2840 34875.5 4.99459
2841 42137.2 4.99459
2842 5304.7 4.99459
2843 19425.7 4.99459
2844 17534.8 4.99459
2845 25003.5 4.99459
2846 22386.7 4.99459
2847 7458.58 4.99459
2848 19470.3 4.99459
2849 29070.1 4.99459
2850 23471.9 4.99459
2851 30223.1 4.99459
2852 40545.2 4.99459
2853 12893.9 4.99459
2854 24652.1 4.99459
2855 3952.78 4.99459
2856 27415.4 4.99459
2857 16195.4 4.99459
2858 20807 4.99459
2859 26093.3 4.99459
2860 12637.3 4.99459
2861 44110.4 4.99459
2862 15961.8 4.99459
2863 31235 4.99459
2864 41581.6 4.99459
2865 24079.1 4.99459
2866 14311.2 4.99459
2867 15800.4 4.99459
2868 37130.3 4.99459
2869 50959.9 4.99459
2870 38902.9 4.99459
2871 9304.11 4.99459
2872 34000.9 4.99459
2873 32883.7 4.99459
2874 3563.02 4.99459
2875 24815.3 4.99459
2876 16847.1 4.99459
2877 18635.4 4.99459
2878 16697.2 4.99459
2879 24400 4.99459
2880 35116.6 4.99459
2881 32487.8 4.99459
2882 37475.6 4.99459
2883 3696.9 4.99459
2884 21156.2 4.99459
2885 17460.9 4.99459
2886 10621.4 4.99459
2887 19766.4 4.99459
2888 40385.8 4.99459
2889 30372.5 4.99459
2890 31752.6 4.99459
2891 37765.9 4.99459
2892 41688.2 4.99459
2893 14182.6 4.99459
2894 17154.6 4.99459
2895 14084.3 4.99459
2896 27993.6 4.99459
2897 12436.9 4.99459
2898 29807.7 4.99459
2899 13897.5 4.99459
2900 15537.9 4.99459
2901 26098.8 4.99459
2902 20731 4.99459
2903 17287.5 4.99459
2904 16253.1 4.99459
2905 24496.5 4.99459
2906 13056.4 4.99459
2907 75538.9 4.99459
2908 17099.2 4.99459
2909 28683.2 4.99459
2910 13845.2 4.99459
2911 14548.8 4.99459
2912 36337.1 4.99459
2913 47018.5 4.99459
2914 24026.9 4.99459
2915 15358.5 4.99459
2916 18886.7 4.99459
2917 15647.1 4.99459
2918 8072.78 4.99459
2919 39093.6 4.99459
2920 50473.2 4.99459
2921 17425.3 4.99459
2922 17122.8 4.99459
2923 5065.27 4.99459
2924 32090.4 4.99459
2925 38432 4.99459
2926 5409.19 4.99459
2927 15044.8 4.99459
2928 17524.2 4.99459
2929 11534.7 4.99459
2930 24695 4.99459
2931 56503.7 4.99459
2932 39938 4.99459
2933 18544.8 4.99459
2934 25845 4.99459
2935 11206.9 4.99459
2936 11797.1 4.99459
2937 32028.2 4.99459
2938 16971.9 4.99459
2939 9853.27 4.99459
2940 35624.5 4.99459
2941 17549.7 4.99459
2942 6215.03 4.99459
2943 8459.6 4.99459
2944 29300.6 4.99459
2945 19683.2 4.99459
2946 15823.8 4.99459
2947 6745.14 4.99459
2948 26232.3 4.99459
2949 28515.3 4.99459
2950 27948.1 4.99459
2951 9713.32 4.99459
2952 9349.36 4.99459
2953 9566.3 4.99459
2954 23173.6 4.99459
2955 44799 4.99459
2956 30340.4 4.99459
2957 5132.48 4.99459
2958 13043.7 4.99459
2959 19961.2 4.99459
2960 41507.4 4.99459
2961 39823.5 4.99459
2962 24123.6 4.99459
2963 24939.2 4.99459
2964 11091.8 4.99459
2965 3119.96 4.99459
2966 19903.5 4.99459
2967 7048.65 4.99459
2968 24956.1 4.99459
2969 21941.7 4.99459
2970 16692.4 4.99459
2971 28140.5 4.99459
2972 25812.7 4.99459
2973 3113.91 4.99459
2974 33835.9 4.99459
2975 28066.9 4.99459
2976 1964.49 4.99459
2977 13005.4 4.99459
2978 21281.8 4.99459
2979 16846.6 4.99459
2980 28831.2 4.99459
2981 36741.1 4.99459
2982 34068.8 4.99459
2983 47635.8 4.99459
2984 40427.8 4.99459
2985 19393.2 4.99459
2986 15430.6 4.99459
2987 17079.6 4.99459
2988 27864.7 4.99459
2989 20364.6 4.99459
2990 37936.3 4.99459
2991 51290.8 4.99459
2992 26399.9 4.99459
2993 41453 4.99459
2994 65734.1 4.99459
2995 46513.1 4.99459
2996 31830.6 4.99459
2997 11971.5 4.99459
2998 30646 4.99459
2999 28204.6 4.99459
3000 21515.2 4.99459
