100
1 36
2 50
3 14
4 99
5 90
6 68
6 43
7 53
8 84
8 82
8 21
10 4
13 89
13 25
14 65
14 74
15 56
15 40
15 12
20 93
20 13
22 79
22 8
22 70
22 3
22 52
22 5
22 61
23 54
23 41
26 66
26 11
26 48
27 86
28 24
30 31
32 45
34 88
43 19
45 55
45 83
47 60
50 37
51 49
52 26
53 42
55 16
56 29
58 76
59 38
60 78
65 9
66 15
66 2
67 64
68 27
68 62
69 7
69 44
70 92
72 77
72 97
73 32
75 58
77 39
79 91
79 20
79 87
79 46
80 59
81 51
81 0
82 69
82 33
85 6
85 28
86 57
87 10
87 67
88 75
89 63
89 18
91 96
91 73
91 71
92 34
92 98
92 17
93 30
93 94
93 1
93 35
95 81
96 72
96 80
98 47
98 85
98 23
98 95
50
70 91
66 57
68 17
13 12
87 39
67 26
28 9
74 72
10 93
20 90
58 14
59 54
84 49
93 85
7 64
89 71
11 33
18 94
34 98
80 46
58 34
17 88
12 66
53 20
36 50
97 12
39 57
77 22
92 12
40 89
28 18
0 95
20 27
50 24
80 10
91 94
45 27
40 73
7 62
59 74
52 30
2 68
80 37
19 8
5 84
53 48
58 85
39 3
87 59
62 8
