37 16  0 0 0 0 0 
27 11  1 0 0 0 0
51 10  0 1 0 0 0
48 19  1 1 0 0 0
51 24  0 0 1 0 0
55 28  1 0 1 0 0
109 21 0 1 1 0 0
86 25  1 1 1 0 0
16 12  0 0 0 1 0
15 24  1 0 0 1 0
7  13  0 1 0 1 0
6   7  1 1 0 1 0 
32 55  0 0 1 1 0
34 39  1 0 1 1 0
30 26  0 1 1 1 0
31 19  1 1 1 1 0
10  9  0 0 0 0 1  
8  4  1 0 0 0 1
12  8  0 1 0 0 1
15  9  1 1 0 0 1 
2  8  0 0 1 0 1 
1  9  1 0 1 0 1 
9  4  0 1 1 0 1 
5  5  1 1 1 0 1 
7  8  0 0 0 1 1
10  4  1 0 0 1 1
7   6  0 1 0 1 1
3   4  1 1 0 1 1 
5  10  0 0 1 1 1
2   9  1 0 1 1 1
1   3  0 1 1 1 1
3   6  1 1 1 1 1
