1 987919 136475
2 881065 136475
3 848768 136475
4 764308 136475
5 710344 136475
6 607770 136475
7 539181 136475
8 480901 136475
9 478930 136475
10 504344 136475
11 537101 121777
12 518159 119696
13 534502 119696
14 510630 97533.3
15 529833 97533.3
16 567531 97533.3
17 553815 97533.3
18 537782 97533.3
19 554624 97533.3
20 520671 95871.7
21 503803 95871.7
22 525075 95871.7
23 475498 95871.7
24 511134 95871.7
25 505297 86624.1
26 489520 86624.1
27 512566 86624.1
28 564833 86624.1
29 631589 67999.6
30 550608 67999.6
31 543407 67999.6
32 557805 67999.6
33 521033 67999.6
34 489871 67999.6
35 479798 67999.6
36 499770 67999.6
37 483146 67999.6
38 523224 55989.8
39 509508 55989.8
40 517424 55989.8
41 469054 55989.8
42 440735 55989.8
43 478523 55989.8
44 529468 55989.8
45 536476 55989.8
46 498994 55989.8
47 460546 55989.8
48 508800 55989.8
49 529109 55989.8
50 534175 40526.2
51 516658 40526.2
52 473939 40526.2
53 541149 40526.2
54 512693 40526.2
55 499767 40526.2
56 473547 40526.2
57 509741 40526.2
58 507166 40526.2
59 487801 40526.2
60 491005 40526.2
61 516404 40526.2
62 582583 40526.2
63 628675 40526.2
64 508704 40526.2
65 503260 40526.2
66 521838 40526.2
67 444287 40526.2
68 474055 40526.2
69 557151 29476.2
70 630018 29476.2
71 621965 29476.2
72 661993 29476.2
73 631330 29476.2
74 618512 29476.2
75 520014 29476.2
76 509974 29476.2
77 549357 29476.2
78 527123 29476.2
79 566205 29476.2
80 543637 29476.2
81 544378 29476.2
82 502777 29476.2
83 503870 28894.8
84 452835 28894.8
85 399027 28894.8
86 390273 28894.8
87 385634 25504.9
88 376838 25504.9
89 338766 25504.9
90 365772 25504.9
91 421262 25504.9
92 402614 25504.9
93 379597 25504.9
94 478737 25504.9
95 514552 25504.9
96 418108 25504.9
97 445117 25504.9
98 442475 25504.9
99 373626 25504.9
100 440642 25504.9
101 479994 25504.9
102 494674 25504.9
103 474837 25504.9
104 438038 25504.9
105 467571 21678.3
106 503585 21678.3
107 447681 21678.3
108 424931 21678.3
109 447752 21678.3
110 451092 21678.3
111 468281 21678.3
112 596678 21678.3
113 527816 21678.3
114 533530 21678.3
115 491077 21678.3
116 450923 21678.3
117 450264 21678.3
118 450578 21678.3
119 477136 21678.3
120 513905 21678.3
121 534672 21678.3
122 480350 21678.3
123 438011 21678.3
124 448435 21678.3
125 482103 6024.83
126 459768 6024.83
127 498391 6024.83
128 511210 6024.83
129 461947 6024.83
130 477967 6024.83
131 506688 6024.83
132 483425 6024.83
133 525687 6024.83
134 430377 5067.62
135 471016 5067.62
136 455154 5067.62
137 490315 5067.62
138 465294 5067.62
139 510046 5067.62
140 526117 5067.62
141 598612 5067.62
142 572276 5067.62
143 555953 5067.62
144 544857 5067.62
145 572029 5067.62
146 555615 5067.62
147 573466 5067.62
148 609499 5067.62
149 610899 5067.62
150 548342 5067.62
151 556054 5067.62
152 540175 5067.62
153 543310 5067.62
154 505147 5067.62
155 445741 5067.62
156 469399 5067.62
157 467600 5067.62
158 459296 5067.62
159 384761 5067.62
160 430438 5067.62
161 490791 5067.62
162 446175 5067.62
163 392246 5067.62
164 476582 5067.62
165 470184 5067.62
166 410500 5067.62
167 393431 5067.62
168 387553 5067.62
169 433115 5067.62
170 540851 5067.62
171 518952 5067.62
172 520783 5067.62
173 502236 5067.62
174 575273 5067.62
175 491897 5067.62
176 429284 5067.62
177 484329 5067.62
178 454343 5067.62
179 465858 5067.62
180 437365 5067.62
181 382622 5067.62
182 342950 5067.62
183 393278 5067.62
184 406728 5067.62
185 465835 5067.62
186 415020 5067.62
187 510986 5067.62
188 515032 5067.62
189 458560 5067.62
190 483620 5067.62
191 512798 5067.62
192 516978 5067.62
193 483047 5067.62
194 498407 5067.62
195 492745 5067.62
196 477338 5067.62
197 468160 5067.62
198 432708 5067.62
199 401683 5067.62
200 397456 1659.1
201 453704 1659.1
202 360016 1659.1
203 418797 1659.1
204 420531 1659.1
205 496195 1659.1
206 446034 1659.1
207 448799 1659.1
208 408267 1659.1
209 401620 1659.1
210 409743 1659.1
211 420733 1659.1
212 428837 1659.1
213 482885 1659.1
214 442513 1659.1
215 524454 1659.1
216 527170 1659.1
217 528285 1659.1
218 497416 1659.1
219 456540 1659.1
220 403662 1659.1
221 477130 1659.1
222 472825 1659.1
223 486729 1659.1
224 363603 1659.1
225 479130 1659.1
226 417581 1659.1
227 402960 1659.1
228 462594 1659.1
229 405486 1659.1
230 474112 1659.1
231 437186 1659.1
232 471035 1659.1
233 475906 1659.1
234 441396 1659.1
235 446930 1659.1
236 483826 1659.1
237 464462 1659.1
238 430720 1659.1
239 404786 1659.1
240 541042 1659.1
241 555796 1659.1
242 506797 1659.1
243 491049 1659.1
244 466926 1659.1
245 515415 1659.1
246 482593 1659.1
247 474316 1659.1
248 459582 1659.1
249 409593 1659.1
250 400668 1659.1
251 484931 1659.1
252 482253 1659.1
253 464873 1659.1
254 441201 1659.1
255 414873 1659.1
256 493752 1659.1
257 518268 1659.1
258 520121 1659.1
259 524944 1659.1
260 537075 1659.1
261 541098 1659.1
262 547122 1659.1
263 587799 1659.1
264 647261 1659.1
265 509114 1659.1
266 527701 1659.1
267 464394 1659.1
268 507896 1659.1
269 461240 1659.1
270 447944 1659.1
271 464572 1659.1
272 490346 1659.1
273 441917 1659.1
274 472752 1659.1
275 481366 1659.1
276 539247 1659.1
277 561772 1659.1
278 522294 1659.1
279 520911 1659.1
280 522289 1659.1
281 576285 1659.1
282 553017 1659.1
283 545391 1659.1
284 522950 1659.1
285 521974 1659.1
286 503079 1659.1
287 448334 1659.1
288 446005 1659.1
289 501505 1659.1
290 485407 1659.1
291 419732 1659.1
292 416911 1659.1
293 389406 1659.1
294 382461 1659.1
295 386815 1659.1
296 468060 1659.1
297 459071 1659.1
298 390244 1659.1
299 488146 1659.1
300 496891 1659.1
301 445108 1659.1
302 514321 1659.1
303 421234 1659.1
304 452511 1659.1
305 396026 1659.1
306 455442 1659.1
307 404825 1659.1
308 458563 1659.1
309 505177 1659.1
310 509077 1659.1
311 431155 1659.1
312 448990 1659.1
313 484126 1659.1
314 512610 1659.1
315 436691 1659.1
316 433540 1659.1
317 475425 1659.1
318 467962 1659.1
319 513779 1659.1
320 519909 1659.1
321 501558 1659.1
322 435130 1659.1
323 437218 1659.1
324 416030 1659.1
325 420447 1659.1
326 444740 1659.1
327 485772 1659.1
328 487800 1659.1
329 444258 1659.1
330 500240 1659.1
331 482080 1659.1
332 526053 1659.1
333 513616 1659.1
334 430852 1659.1
335 505158 1659.1
336 447724 1659.1
337 494516 1659.1
338 483906 1659.1
339 503057 1659.1
340 455521 1659.1
341 462609 1659.1
342 407562 1659.1
343 471810 1659.1
344 504309 1659.1
345 510899 1659.1
346 519124 1659.1
347 414752 1659.1
348 398811 1659.1
349 444851 1659.1
350 414250 1659.1
351 401035 1659.1
352 350805 1659.1
353 408556 1659.1
354 416757 1659.1
355 410409 1659.1
356 414133 1659.1
357 395137 1659.1
358 393402 1659.1
359 418152 1659.1
360 403571 1659.1
361 447851 1659.1
362 416728 1659.1
363 441883 1659.1
364 490567 1659.1
365 483272 1659.1
366 525965 1659.1
367 414645 1659.1
368 413768 1659.1
369 455023 1659.1
370 465505 1659.1
371 426948 1659.1
372 399917 1659.1
373 429148 1659.1
374 470627 1659.1
375 460141 1659.1
376 499968 1659.1
377 335572 1659.1
378 318837 1659.1
379 410794 1659.1
380 449148 1659.1
381 486679 1659.1
382 501716 1659.1
383 431904 1659.1
384 460558 1659.1
385 508037 1659.1
386 470672 1659.1
387 448008 1659.1
388 462815 1659.1
389 488464 1659.1
390 513086 1659.1
391 504049 1659.1
392 554004 1659.1
393 492714 1659.1
394 499277 1659.1
395 407994 1659.1
396 433781 1659.1
397 428869 1659.1
398 410487 1659.1
399 434335 1659.1
400 444584 1659.1
401 426374 1659.1
402 518216 1659.1
403 474904 1659.1
404 472516 1659.1
405 426190 1659.1
406 392461 1659.1
407 370174 1659.1
408 359719 1659.1
409 370258 1659.1
410 408690 1659.1
411 385482 1659.1
412 410039 1659.1
413 364861 1659.1
414 382726 1659.1
415 402321 1659.1
416 444274 1659.1
417 406546 1659.1
418 389808 1659.1
419 435688 1659.1
420 495938 1659.1
421 442873 1659.1
422 453779 1659.1
423 519853 1659.1
424 523787 1659.1
425 491902 1659.1
426 530469 1659.1
427 474709 1659.1
428 494557 1659.1
429 509414 1659.1
430 497837 1659.1
431 489661 1659.1
432 463133 1659.1
433 426861 1659.1
434 446258 1659.1
435 542126 1659.1
436 574128 1659.1
437 587829 1659.1
438 513464 1659.1
439 497347 1659.1
440 456447 1659.1
441 471997 1659.1
442 473069 1659.1
443 507359 1659.1
444 569646 1659.1
445 582550 1659.1
446 592065 1659.1
447 594094 1659.1
448 567668 1659.1
449 587051 1659.1
450 524214 1659.1
451 492956 1659.1
452 519786 1659.1
453 545058 1659.1
454 491753 1659.1
455 426995 1659.1
456 511873 1659.1
457 531825 1659.1
458 562123 1659.1
459 501641 1659.1
460 492184 1659.1
461 423671 1659.1
462 424620 1659.1
463 377644 1659.1
464 406099 1659.1
465 456519 1659.1
466 439671 1659.1
467 408636 1659.1
468 452489 1659.1
469 419954 1659.1
470 479272 1659.1
471 535365 1659.1
472 520358 1659.1
473 573031 1659.1
474 582280 1659.1
475 559020 1659.1
476 496270 1659.1
477 473827 1659.1
478 424922 1659.1
479 418958 1659.1
480 398212 1659.1
481 402278 1659.1
482 436490 1659.1
483 398585 1588.85
484 392245 1588.85
485 390300 1588.85
486 517033 1588.85
487 525158 1588.85
488 483937 1588.85
489 467799 1588.85
490 388651 1588.85
491 411258 1588.85
492 441968 1588.85
493 469158 1588.85
494 433617 1588.85
495 429959 1588.85
496 390543 1588.85
497 412423 1588.85
498 430077 1588.85
499 363561 1588.85
500 432443 1588.85
501 416693 1588.85
502 409257 1588.85
503 418325 1588.85
504 449505 1588.85
505 447254 1588.85
506 485645 1588.85
507 458409 1588.85
508 415905 1588.85
509 460941 1588.85
510 482745 1588.85
511 505801 1588.85
512 589721 1588.85
513 537904 1588.85
514 501018 1588.85
515 540116 1588.85
516 514823 1588.85
517 522601 1588.85
518 479091 1588.85
519 563742 1588.85
520 511142 1588.85
521 456411 1588.85
522 466907 1588.85
523 434829 1588.85
524 410979 1588.85
525 325404 1588.85
526 361058 1588.85
527 348067 1588.85
528 409607 1588.85
529 420703 1588.85
530 406035 1588.85
531 407724 1588.85
532 468591 1588.85
533 441552 1588.85
534 460132 1588.85
535 410530 1588.85
536 497010 1588.85
537 470240 1588.85
538 447174 1588.85
539 417458 1588.85
540 414101 1588.85
541 395264 1588.85
542 426787 1588.85
543 459412 1588.85
544 411624 1588.85
545 424302 1588.85
546 372434 1588.85
547 499080 1588.85
548 508651 1588.85
549 473922 1588.85
550 503855 1588.85
551 490803 1588.85
552 503342 1588.85
553 516780 1588.85
554 503252 1588.85
555 444852 1588.85
556 424656 1588.85
557 444131 1588.85
558 421752 1588.85
559 430090 1588.85
560 434942 1588.85
561 438615 1588.85
562 433795 1588.85
563 503309 1588.85
564 488230 1588.85
565 515974 1588.85
566 502713 1588.85
567 461432 1588.85
568 420311 1588.85
569 398672 1588.85
570 516251 1588.85
571 476489 1588.85
572 532422 1588.85
573 537873 1588.85
574 584830 1588.85
575 533838 1588.85
576 470820 1588.85
577 444266 1588.85
578 356091 1588.85
579 344661 1588.85
580 348624 1588.85
581 360719 1588.85
582 417762 1588.85
583 384336 1588.85
584 441980 1588.85
585 483284 1588.85
586 510741 1588.85
587 505585 1588.85
588 419159 1588.85
589 348929 1588.85
590 406637 1588.85
591 386176 1588.85
592 360291 1588.85
593 449099 1588.85
594 434696 1588.85
595 429000 1588.85
596 409119 1588.85
597 385217 1588.85
598 394008 1588.85
599 482313 1588.85
600 494536 1588.85
601 436807 1588.85
602 452187 1588.85
603 401766 1588.85
604 447944 1588.85
605 533034 1588.85
606 543492 1588.85
607 498454 1588.85
608 413287 1588.85
609 390589 1588.85
610 431321 1588.85
611 385573 1588.85
612 453149 1588.85
613 386900 1588.85
614 399386 1588.85
615 405548 1588.85
616 411819 1588.85
617 434116 1588.85
618 385482 1588.85
619 334844 1588.85
620 411939 1588.85
621 396290 1588.85
622 394076 1588.85
623 433111 1588.85
624 410744 1588.85
625 483171 1588.85
626 480185 1588.85
627 519407 1588.85
628 540365 1588.85
629 509113 1588.85
630 436151 1588.85
631 483899 1588.85
632 538257 1588.85
633 595405 1588.85
634 563086 1588.85
635 472243 1588.85
636 479335 1588.85
637 470413 1588.85
638 456529 1588.85
639 485144 1588.85
640 502435 1588.85
641 506871 1588.85
642 579803 1588.85
643 520346 1588.85
644 552011 1588.85
645 561304 1588.85
646 473641 1588.85
647 436221 1588.85
648 435772 1588.85
649 479044 1588.85
650 494690 1588.85
651 500979 1588.85
652 483632 1588.85
653 513486 1588.85
654 456659 1588.85
655 530595 1588.85
656 504237 1588.85
657 497666 1588.85
658 496526 1588.85
659 449855 1588.85
660 407738 1588.85
661 471939 1588.85
662 540862 1588.85
663 544058 1588.85
664 565787 1588.85
665 496872 1588.85
666 500955 1588.85
667 437943 1588.85
668 362222 1588.85
669 338719 1588.85
670 332937 1588.85
671 346510 1588.85
672 427469 1588.85
673 307604 1588.85
674 272499 1588.85
675 290347 1588.85
676 344530 1588.85
677 409071 1588.85
678 429136 1588.85
679 384382 1588.85
680 361494 1588.85
681 354304 1588.85
682 375915 1588.85
683 368478 1588.85
684 380108 1588.85
685 403483 1588.85
686 431775 1588.85
687 431067 1588.85
688 409518 1588.85
689 386685 1588.85
690 414004 1588.85
691 442334 1588.85
692 416029 1588.85
693 436131 1588.85
694 428890 1588.85
695 455566 1588.85
696 410826 1588.85
697 445614 720.564
698 444246 720.564
699 470576 720.564
700 493252 720.564
701 541096 720.564
702 530042 720.564
703 529711 720.564
704 536329 720.564
705 479233 720.564
706 384444 720.564
707 432147 720.564
708 426179 720.564
709 417905 720.564
710 423176 720.564
711 460979 720.564
712 410442 720.564
713 377073 720.564
714 359638 720.564
715 391503 720.564
716 358978 720.564
717 420997 720.564
718 451021 720.564
719 383126 720.564
720 433692 720.564
721 407939 720.564
722 455511 720.564
723 418911 720.564
724 438266 720.564
725 525190 720.564
726 530592 720.564
727 534433 720.564
728 432029 720.564
729 489293 720.564
730 389025 720.564
731 382390 720.564
732 354672 720.564
733 425303 720.564
734 413178 720.564
735 426316 720.564
736 453301 720.564
737 479050 720.564
738 523591 720.564
739 428753 661.368
740 440648 661.368
741 445257 661.368
742 466284 661.368
743 489800 661.368
744 418925 661.368
745 420976 661.368
746 402673 661.368
747 478657 661.368
748 443680 661.368
749 466456 661.368
750 485804 661.368
751 524850 661.368
752 558637 661.368
753 468663 661.368
754 497722 661.368
755 508234 661.368
756 461965 661.368
757 492783 661.368
758 471296 661.368
759 508972 661.368
760 491108 661.368
761 499153 661.368
762 427682 661.368
763 411909 661.368
764 389513 661.368
765 410222 661.368
766 438714 661.368
767 495291 661.368
768 468019 661.368
769 408091 661.368
770 400147 661.368
771 404602 661.368
772 455809 661.368
773 363648 661.368
774 341187 661.368
775 385440 661.368
776 313088 661.368
777 368016 661.368
778 379093 661.368
779 357142 661.368
780 391397 661.368
781 422259 661.368
782 442164 661.368
783 467366 661.368
784 494211 661.368
785 479997 661.368
786 412987 661.368
787 436110 661.368
788 516662 661.368
789 462351 661.368
790 450993 661.368
791 438219 661.368
792 469974 661.368
793 507248 661.368
794 460452 661.368
795 431730 661.368
796 409662 661.368
797 386928 661.368
798 344464 661.368
799 319201 661.368
800 337430 661.368
801 464438 661.368
802 443580 661.368
803 425906 661.368
804 443858 661.368
805 391065 661.368
806 416359 661.368
807 389112 661.368
808 443959 661.368
809 373324 661.368
810 361882 661.368
811 403170 661.368
812 387826 661.368
813 423775 661.368
814 405563 661.368
815 383087 661.368
816 417578 661.368
817 459889 661.368
818 462319 661.368
819 455351 661.368
820 432349 661.368
821 426410 661.368
822 421379 661.368
823 471037 661.368
824 465535 661.368
825 481159 661.368
826 494059 661.368
827 446840 661.368
828 493553 661.368
829 439518 661.368
830 408561 661.368
831 461003 661.368
832 517087 661.368
833 454763 661.368
834 411186 661.368
835 389108 661.368
836 423688 661.368
837 356237 661.368
838 381727 661.368
839 373453 661.368
840 370936 661.368
841 362385 661.368
842 387488 661.368
843 418293 661.368
844 457070 661.368
845 507717 661.368
846 512860 661.368
847 509110 661.368
848 449742 661.368
849 461759 661.368
850 491120 661.368
851 403808 661.368
852 370141 661.368
853 408047 661.368
854 346475 661.368
855 399948 661.368
856 430718 661.368
857 464640 661.368
858 456160 661.368
859 491824 661.368
860 558157 661.368
861 534823 661.368
862 462291 661.368
863 502479 661.368
864 498382 661.368
865 470075 661.368
866 459833 661.368
867 429892 661.368
868 430614 661.368
869 435871 661.368
870 479030 661.368
871 461279 661.368
872 428026 661.368
873 471324 661.368
874 468893 661.368
875 479638 661.368
876 516306 661.368
877 409959 661.368
878 470356 661.368
879 476097 661.368
880 438393 661.368
881 444874 661.368
882 471811 661.368
883 575964 661.368
884 593362 661.368
885 551852 661.368
886 514586 661.368
887 513502 661.368
888 460619 661.368
889 443792 661.368
890 462033 661.368
891 485752 661.368
892 523529 661.368
893 481052 661.368
894 513050 661.368
895 433080 661.368
896 428966 661.368
897 438951 661.368
898 470058 661.368
899 504492 661.368
900 477549 661.368
901 438591 661.368
902 513239 661.368
903 498471 661.368
904 485825 661.368
905 539596 661.368
906 549589 661.368
907 505582 661.368
908 434412 661.368
909 404838 661.368
910 423330 661.368
911 469700 661.368
912 511595 661.368
913 453173 661.368
914 494873 661.368
915 500646 661.368
916 450622 661.368
917 384343 661.368
918 435667 661.368
919 450886 661.368
920 403528 661.368
921 439468 661.368
922 465099 661.368
923 401522 661.368
924 408270 661.368
925 342645 661.368
926 384797 661.368
927 441327 661.368
928 379661 661.368
929 380257 661.368
930 397169 661.368
931 350784 661.368
932 419707 661.368
933 447530 661.368
934 413497 661.368
935 430018 661.368
936 443988 661.368
937 465071 661.368
938 491352 661.368
939 483372 661.368
940 453735 661.368
941 435377 661.368
942 495731 661.368
943 478413 661.368
944 504642 661.368
945 486127 661.368
946 553413 661.368
947 526953 661.368
948 487597 661.368
949 523694 661.368
950 514336 661.368
951 533403 661.368
952 487279 661.368
953 466591 661.368
954 465146 661.368
955 472838 661.368
956 474486 661.368
957 436222 661.368
958 413733 661.368
959 456726 661.368
960 453654 661.368
961 503137 661.368
962 543248 661.368
963 479770 661.368
964 436405 661.368
965 359297 661.368
966 377739 661.368
967 345334 661.368
968 343223 661.368
969 387737 614.986
970 336789 614.986
971 328028 614.986
972 368528 614.986
973 327140 614.986
974 424811 614.986
975 431089 614.986
976 445764 614.986
977 442671 614.986
978 460915 614.986
979 509130 614.986
980 452807 614.986
981 454219 614.986
982 560906 614.986
983 488581 614.986
984 457736 614.986
985 392328 614.986
986 432489 614.986
987 474752 614.986
988 457656 614.986
989 416040 614.986
990 363965 614.986
991 395344 614.986
992 380566 587.164
993 394710 587.164
994 378317 587.164
995 408953 587.164
996 359410 587.164
997 310402 587.164
998 329932 587.164
999 389479 587.164
1000 394569 587.164
1001 460948 587.164
1002 435380 587.164
1003 475667 587.164
1004 438752 587.164
1005 444487 587.164
1006 409620 587.164
1007 411485 587.164
1008 412478 587.164
1009 441814 587.164
1010 431672 587.164
1011 443262 587.164
1012 476107 587.164
1013 509062 587.164
1014 503451 587.164
1015 443087 587.164
1016 421910 587.164
1017 356782 587.164
1018 330677 587.164
1019 340399 587.164
1020 416100 587.164
1021 402245 587.164
1022 387335 587.164
1023 385302 587.164
1024 404899 587.164
1025 436597 587.164
1026 481356 587.164
1027 474514 587.164
1028 504144 587.164
1029 544736 587.164
1030 547789 587.164
1031 496171 587.164
1032 455639 587.164
1033 435320 587.164
1034 523952 587.164
1035 506137 587.164
1036 603248 587.164
1037 594844 587.164
1038 557782 587.164
1039 499175 587.164
1040 552068 587.164
1041 492945 587.164
1042 464556 587.164
1043 447535 587.164
1044 474805 587.164
1045 526695 587.164
1046 471761 587.164
1047 472349 587.164
1048 497256 587.164
1049 546159 587.164
1050 521801 587.164
1051 501785 587.164
1052 475072 587.164
1053 504255 587.164
1054 533847 587.164
1055 458998 587.164
1056 412531 587.164
1057 455159 587.164
1058 469509 587.164
1059 475437 587.164
1060 431867 587.164
1061 466702 587.164
1062 513032 587.164
1063 496437 587.164
1064 435404 587.164
1065 433120 587.164
1066 495435 587.164
1067 478706 587.164
1068 430734 587.164
1069 432050 587.164
1070 457136 587.164
1071 450944 587.164
1072 443159 587.164
1073 449038 587.164
1074 438290 587.164
1075 405273 587.164
1076 478438 587.164
1077 390815 587.164
1078 406748 587.164
1079 444045 587.164
1080 455625 587.164
1081 428498 587.164
1082 480676 587.164
1083 499499 587.164
1084 482908 587.164
1085 477906 587.164
1086 454691 587.164
1087 418025 587.164
1088 407857 587.164
1089 441804 587.164
1090 434005 587.164
1091 394424 587.164
1092 437541 587.164
1093 483037 587.164
1094 461826 587.164
1095 435315 587.164
1096 521662 587.164
1097 544622 587.164
1098 560389 587.164
1099 562281 587.164
1100 526053 587.164
1101 498739 587.164
1102 451747 587.164
1103 494875 587.164
1104 473242 587.164
1105 422769 587.164
1106 406004 587.164
1107 462194 587.164
1108 499754 587.164
1109 486099 587.164
1110 475182 587.164
1111 491141 587.164
1112 429991 587.164
1113 509639 587.164
1114 488099 587.164
1115 536884 587.164
1116 542270 587.164
1117 501623 587.164
1118 519083 587.164
1119 542114 587.164
1120 572985 587.164
1121 615090 587.164
1122 585409 587.164
1123 581182 587.164
1124 607962 587.164
1125 588108 587.164
1126 525702 587.164
1127 588952 587.164
1128 604905 587.164
1129 615945 587.164
1130 482946 587.164
1131 504302 587.164
1132 472381 587.164
1133 393785 587.164
1134 434590 587.164
1135 434227 587.164
1136 487101 587.164
1137 514671 587.164
1138 458205 587.164
1139 551459 587.164
1140 540936 587.164
1141 485111 587.164
1142 504250 587.164
1143 424115 587.164
1144 409261 587.164
1145 543052 587.164
1146 517634 587.164
1147 498485 587.164
1148 509613 587.164
1149 486757 587.164
1150 519485 587.164
1151 465189 587.164
1152 446422 587.164
1153 437904 587.164
1154 491199 587.164
1155 486677 587.164
1156 505961 587.164
1157 533189 587.164
1158 544169 587.164
1159 538337 587.164
1160 540379 587.164
1161 546006 587.164
1162 521969 587.164
1163 477937 587.164
1164 498574 587.164
1165 416741 587.164
1166 470434 587.164
1167 520452 587.164
1168 518725 587.164
1169 506044 587.164
1170 423797 587.164
1171 406678 587.164
1172 381019 587.164
1173 361846 587.164
1174 324011 587.164
1175 411011 587.164
1176 380214 587.164
1177 433616 587.164
1178 426108 587.164
1179 439845 587.164
1180 417086 587.164
1181 387002 587.164
1182 324360 587.164
1183 335880 587.164
1184 407647 587.164
1185 424353 587.164
1186 450587 587.164
1187 412354 587.164
1188 489046 587.164
1189 474653 587.164
1190 397813 587.164
1191 452312 587.164
1192 403444 587.164
1193 395027 587.164
1194 390602 587.164
1195 434542 587.164
1196 418894 587.164
1197 391980 587.164
1198 403157 587.164
1199 390137 587.164
1200 377519 587.164
1201 389427 587.164
1202 355971 587.164
1203 363200 587.164
1204 391593 587.164
1205 384732 587.164
1206 366193 587.164
1207 374396 587.164
1208 424983 587.164
1209 383221 587.164
1210 431773 587.164
1211 391332 587.164
1212 445443 587.164
1213 398246 587.164
1214 464025 587.164
1215 509166 587.164
1216 500119 587.164
1217 515662 587.164
1218 572868 587.164
1219 536012 587.164
1220 490807 587.164
1221 527658 587.164
1222 475875 587.164
1223 472582 587.164
1224 451460 587.164
1225 452482 587.164
1226 455228 587.164
1227 515589 587.164
1228 478111 587.164
1229 513948 587.164
1230 524909 587.164
1231 552049 587.164
1232 543466 587.164
1233 526945 587.164
1234 520423 587.164
1235 559427 587.164
1236 557878 587.164
1237 415059 587.164
1238 454693 587.164
1239 488889 587.164
1240 469085 587.164
1241 546983 587.164
1242 414584 587.164
1243 408826 587.164
1244 396567 587.164
1245 386202 587.164
1246 408132 587.164
1247 466627 587.164
1248 496623 587.164
1249 440526 587.164
1250 405827 587.164
1251 377151 587.164
1252 423258 587.164
1253 409438 587.164
1254 398035 587.164
1255 375335 587.164
1256 381994 587.164
1257 438633 587.164
1258 474387 587.164
1259 483256 587.164
1260 508839 587.164
1261 483296 587.164
1262 458981 587.164
1263 420138 587.164
1264 411540 587.164
1265 462312 587.164
1266 459200 587.164
1267 413633 587.164
1268 401802 587.164
1269 397229 587.164
1270 403346 587.164
1271 434696 587.164
1272 418610 587.164
1273 429780 587.164
1274 507602 587.164
1275 427829 587.164
1276 436215 587.164
1277 448561 587.164
1278 498827 587.164
1279 570898 587.164
1280 566685 587.164
1281 555385 587.164
1282 587910 587.164
1283 638760 587.164
1284 612749 587.164
1285 580315 587.164
1286 513591 587.164
1287 554430 587.164
1288 549420 587.164
1289 530320 587.164
1290 578184 587.164
1291 539194 587.164
1292 559263 587.164
1293 491145 587.164
1294 505706 587.164
1295 495024 587.164
1296 477068 587.164
1297 462112 587.164
1298 456138 587.164
1299 471402 587.164
1300 488984 587.164
1301 587208 587.164
1302 499276 587.164
1303 510114 587.164
1304 457675 587.164
1305 470099 587.164
1306 466584 587.164
1307 426217 587.164
1308 477690 587.164
1309 472043 587.164
1310 466233 587.164
1311 455804 587.164
1312 428541 587.164
1313 404767 587.164
1314 406976 587.164
1315 442293 587.164
1316 394330 587.164
1317 499325 587.164
1318 506890 587.164
1319 449004 587.164
1320 457121 587.164
1321 428466 587.164
1322 471498 587.164
1323 499200 587.164
1324 505456 587.164
1325 561962 587.164
1326 532899 587.164
1327 436293 587.164
1328 419715 587.164
1329 523645 587.164
1330 542746 587.164
1331 555541 587.164
1332 501550 587.164
1333 468540 587.164
1334 455743 587.164
1335 440362 587.164
1336 485506 587.164
1337 470233 587.164
1338 481923 587.164
1339 457609 587.164
1340 503717 587.164
1341 481634 587.164
1342 466445 587.164
1343 551398 587.164
1344 493759 587.164
1345 478537 587.164
1346 462911 587.164
1347 463877 587.164
1348 474665 587.164
1349 503393 587.164
1350 450633 587.164
1351 397857 587.164
1352 371030 587.164
1353 391111 587.164
1354 398249 587.164
1355 446050 587.164
1356 450246 587.164
1357 385650 587.164
1358 445740 587.164
1359 403008 587.164
1360 448326 587.164
1361 506458 587.164
1362 487867 587.164
1363 452643 587.164
1364 454113 587.164
1365 486682 587.164
1366 493022 587.164
1367 489528 587.164
1368 448733 587.164
1369 469468 587.164
1370 466089 587.164
1371 532661 587.164
1372 500905 587.164
1373 477648 587.164
1374 476091 587.164
1375 490632 587.164
1376 473693 587.164
1377 498071 587.164
1378 423600 587.164
1379 357503 587.164
1380 392638 587.164
1381 475319 587.164
1382 534489 587.164
1383 570877 587.164
1384 484474 587.164
1385 530549 587.164
1386 489330 587.164
1387 452129 587.164
1388 449843 587.164
1389 466400 587.164
1390 399256 587.164
1391 461547 587.164
1392 429582 587.164
1393 433968 587.164
1394 443836 587.164
1395 410026 587.164
1396 394431 587.164
1397 340728 587.164
1398 462094 587.164
1399 445677 587.164
1400 454404 587.164
1401 541122 587.164
1402 528236 587.164
1403 498927 587.164
1404 539562 587.164
1405 620383 587.164
1406 531268 587.164
1407 539229 587.164
1408 484842 587.164
1409 519005 587.164
1410 454123 587.164
1411 494454 587.164
1412 504116 587.164
1413 475710 587.164
1414 458514 587.164
1415 475198 587.164
1416 510503 587.164
1417 474271 587.164
1418 456753 587.164
1419 470895 587.164
1420 487913 587.164
1421 523286 587.164
1422 500843 587.164
1423 453495 587.164
1424 482363 587.164
1425 508445 587.164
1426 550998 587.164
1427 582477 587.164
1428 592575 587.164
1429 558151 587.164
1430 569213 587.164
1431 598589 587.164
1432 593189 587.164
1433 601090 587.164
1434 513166 587.164
1435 506749 587.164
1436 436619 587.164
1437 415067 587.164
1438 412901 587.164
1439 365606 587.164
1440 374427 587.164
1441 415633 587.164
1442 478820 587.164
1443 499799 587.164
1444 464565 587.164
1445 453195 587.164
1446 430475 587.164
1447 414389 587.164
1448 453285 587.164
1449 426350 587.164
1450 459279 587.164
1451 495475 587.164
1452 502145 587.164
1453 521472 587.164
1454 553549 587.164
1455 519350 587.164
1456 506941 587.164
1457 519310 587.164
1458 526412 587.164
1459 438814 587.164
1460 527460 587.164
1461 444081 587.164
1462 545384 587.164
1463 564668 587.164
1464 457436 587.164
1465 470431 587.164
1466 491592 587.164
1467 353221 587.164
1468 341532 587.164
1469 338449 587.164
1470 383647 587.164
1471 366236 587.164
1472 410923 587.164
1473 418501 587.164
1474 486129 587.164
1475 462623 587.164
1476 456897 587.164
1477 428189 587.164
1478 456478 587.164
1479 562096 587.164
1480 479634 587.164
1481 555655 587.164
1482 513674 587.164
1483 474548 587.164
1484 534888 587.164
1485 531538 587.164
1486 473271 587.164
1487 476699 587.164
1488 469869 587.164
1489 500424 587.164
1490 515794 587.164
1491 585690 587.164
1492 593482 587.164
1493 502649 587.164
1494 556754 587.164
1495 536249 587.164
1496 446144 587.164
1497 431015 587.164
1498 411966 587.164
1499 393931 587.164
1500 440045 587.164
1501 358391 587.164
1502 377232 587.164
1503 380501 587.164
1504 388661 587.164
1505 377485 587.164
1506 441864 587.164
1507 472465 587.164
1508 537207 587.164
1509 530912 587.164
1510 605041 587.164
1511 558034 587.164
1512 517111 587.164
1513 420863 587.164
1514 517927 587.164
1515 501688 587.164
1516 569103 587.164
1517 557643 587.164
1518 523818 587.164
1519 475698 587.164
1520 477656 587.164
1521 441309 587.164
1522 485725 587.164
1523 566678 587.164
1524 604536 587.164
1525 524029 587.164
1526 513598 587.164
1527 448665 587.164
1528 398161 587.164
1529 425938 587.164
1530 504047 587.164
1531 503696 587.164
1532 498912 587.164
1533 457687 587.164
1534 423274 587.164
1535 423565 587.164
1536 463884 587.164
1537 520891 587.164
1538 491880 587.164
1539 472590 587.164
1540 485915 587.164
1541 450961 587.164
1542 506837 587.164
1543 514707 587.164
1544 404379 587.164
1545 348023 587.164
1546 452080 587.164
1547 457358 587.164
1548 449734 587.164
1549 453951 587.164
1550 458421 587.164
1551 447401 587.164
1552 423431 587.164
1553 397936 587.164
1554 452875 587.164
1555 448498 587.164
1556 542859 587.164
1557 512484 587.164
1558 505909 587.164
1559 482963 587.164
1560 489098 587.164
1561 501631 587.164
1562 483240 587.164
1563 487085 587.164
1564 522263 587.164
1565 433740 587.164
1566 481048 587.164
1567 442268 587.164
1568 448674 587.164
1569 466292 587.164
1570 493905 587.164
1571 529195 587.164
1572 524605 587.164
1573 511514 587.164
1574 485348 587.164
1575 494497 587.164
1576 477676 587.164
1577 420849 587.164
1578 421100 587.164
1579 388396 587.164
1580 395482 587.164
1581 533911 587.164
1582 503061 587.164
1583 468906 587.164
1584 463778 587.164
1585 437204 587.164
1586 398881 587.164
1587 408879 587.164
1588 423348 587.164
1589 401412 587.164
1590 415329 587.164
1591 485819 587.164
1592 457762 587.164
1593 507571 587.164
1594 530056 587.164
1595 507967 587.164
1596 499013 587.164
1597 502843 587.164
1598 471035 587.164
1599 480133 587.164
1600 409527 587.164
1601 439458 587.164
1602 452282 587.164
1603 394233 587.164
1604 469755 587.164
1605 441674 587.164
1606 464670 587.164
1607 513291 587.164
1608 510738 587.164
1609 579935 587.164
1610 573913 587.164
1611 561035 587.164
1612 501059 587.164
1613 475617 587.164
1614 547235 587.164
1615 511466 587.164
1616 589589 587.164
1617 569344 587.164
1618 603819 587.164
1619 558417 587.164
1620 539055 587.164
1621 579357 587.164
1622 550757 587.164
1623 540883 587.164
1624 517092 587.164
1625 547606 587.164
1626 524147 587.164
1627 522047 587.164
1628 495731 587.164
1629 578883 587.164
1630 559193 587.164
1631 600753 587.164
1632 640266 587.164
1633 683215 587.164
1634 653012 587.164
1635 637761 587.164
1636 567419 587.164
1637 581596 587.164
1638 571179 587.164
1639 476956 587.164
1640 536819 587.164
1641 486339 587.164
1642 496756 587.164
1643 497867 587.164
1644 512203 587.164
1645 467544 587.164
1646 456305 587.164
1647 415966 587.164
1648 408644 587.164
1649 422585 587.164
1650 477712 587.164
1651 391116 587.164
1652 429703 587.164
1653 470997 587.164
1654 542294 587.164
1655 562197 587.164
1656 546110 587.164
1657 507668 587.164
1658 536697 587.164
1659 525529 587.164
1660 464081 587.164
1661 513698 587.164
1662 548338 587.164
1663 518216 587.164
1664 490821 587.164
1665 462369 587.164
1666 461418 587.164
1667 484962 587.164
1668 488739 587.164
1669 493147 587.164
1670 432615 587.164
1671 481711 587.164
1672 530510 587.164
1673 546247 587.164
1674 509120 587.164
1675 497144 587.164
1676 514377 587.164
1677 499443 587.164
1678 496421 587.164
1679 454926 587.164
1680 470526 587.164
1681 491331 587.164
1682 480391 587.164
1683 475424 587.164
1684 500382 587.164
1685 406338 587.164
1686 422232 587.164
1687 481855 587.164
1688 480798 587.164
1689 447598 587.164
1690 413370 587.164
1691 497419 587.164
1692 474044 587.164
1693 494782 587.164
1694 446590 587.164
1695 387465 587.164
1696 396087 587.164
1697 423656 587.164
1698 448111 587.164
1699 413548 587.164
1700 462188 587.164
1701 493550 587.164
1702 515887 587.164
1703 490726 587.164
1704 490188 587.164
1705 528852 587.164
1706 583286 587.164
1707 535263 587.164
1708 491487 587.164
1709 378768 587.164
1710 419106 587.164
1711 435788 587.164
1712 427087 587.164
1713 461957 587.164
1714 434267 587.164
1715 408091 587.164
1716 377181 587.164
1717 392660 587.164
1718 438720 587.164
1719 482774 587.164
1720 443832 587.164
1721 460072 587.164
1722 469563 587.164
1723 414237 587.164
1724 442139 587.164
1725 424454 587.164
1726 332364 587.164
1727 437046 587.164
1728 471510 587.164
1729 477550 587.164
1730 509888 587.164
1731 452508 587.164
1732 522984 587.164
1733 530033 587.164
1734 545209 587.164
1735 551262 587.164
1736 535067 587.164
1737 472296 587.164
1738 516506 587.164
1739 551401 587.164
1740 499213 587.164
1741 509525 587.164
1742 570091 587.164
1743 577281 587.164
1744 577805 587.164
1745 565545 587.164
1746 555741 587.164
1747 441713 587.164
1748 461522 587.164
1749 432084 587.164
1750 455174 587.164
1751 453681 587.164
1752 517371 587.164
1753 506044 587.164
1754 510821 587.164
1755 445963 587.164
1756 441009 587.164
1757 386835 587.164
1758 396774 587.164
1759 454381 587.164
1760 473816 587.164
1761 414643 587.164
1762 423311 587.164
1763 490203 587.164
1764 448819 587.164
1765 478051 587.164
1766 519703 587.164
1767 469600 587.164
1768 457213 587.164
1769 456822 587.164
1770 442809 587.164
1771 450332 587.164
1772 429103 587.164
1773 420489 587.164
1774 450287 587.164
1775 387750 587.164
1776 493565 587.164
1777 435208 587.164
1778 470074 587.164
1779 534986 587.164
1780 545581 587.164
1781 532789 587.164
1782 466901 587.164
1783 540014 587.164
1784 616073 587.164
1785 533175 587.164
1786 508695 587.164
1787 489192 587.164
1788 547858 587.164
1789 531705 587.164
1790 479422 587.164
1791 441402 587.164
1792 402493 587.164
1793 392654 587.164
1794 417097 587.164
1795 425204 587.164
1796 527983 587.164
1797 450684 587.164
1798 428831 587.164
1799 448346 587.164
1800 377452 587.164
1801 396546 587.164
1802 348412 587.164
1803 396674 587.164
1804 476400 587.164
1805 499605 587.164
1806 535713 587.164
1807 565422 587.164
1808 492698 587.164
1809 514530 587.164
1810 468605 587.164
1811 454755 587.164
1812 419620 587.164
1813 486929 587.164
1814 543761 587.164
1815 468545 587.164
1816 517173 587.164
1817 509235 587.164
1818 500327 587.164
1819 513641 587.164
1820 505731 587.164
1821 535024 587.164
1822 535928 587.164
1823 526982 587.164
1824 574097 587.164
1825 483976 587.164
1826 552821 587.164
1827 548245 587.164
1828 504663 587.164
1829 570916 587.164
1830 534043 587.164
1831 544526 587.164
1832 549013 587.164
1833 556050 587.164
1834 574702 587.164
1835 595804 587.164
1836 573520 587.164
1837 504426 587.164
1838 578435 587.164
1839 650583 587.164
1840 634638 587.164
1841 596703 587.164
1842 469728 382.282
1843 441204 382.282
1844 403598 382.282
1845 395371 382.282
1846 479899 382.282
1847 485459 382.282
1848 455182 382.282
1849 557066 382.282
1850 498158 382.282
1851 457818 382.282
1852 447811 382.282
1853 481156 382.282
1854 400565 382.282
1855 409724 382.282
1856 395811 382.282
1857 447769 382.282
1858 428842 382.282
1859 379463 382.282
1860 423118 382.282
1861 437078 382.282
1862 409418 382.282
1863 427891 382.282
1864 384189 382.282
1865 361395 382.282
1866 420564 382.282
1867 450877 382.282
1868 471854 382.282
1869 478958 382.282
1870 403439 382.282
1871 459832 382.282
1872 536416 382.282
1873 598172 382.282
1874 491220 382.282
1875 505273 382.282
1876 493007 382.282
1877 517642 382.282
1878 608819 382.282
1879 497821 382.282
1880 434089 382.282
1881 428144 382.282
1882 377542 382.282
1883 470329 382.282
1884 361372 382.282
1885 389162 382.282
1886 415908 382.282
1887 488440 382.282
1888 409657 382.282
1889 372570 382.282
1890 354119 382.282
1891 413845 382.282
1892 434412 382.282
1893 350382 382.282
1894 437982 382.282
1895 363210 382.282
1896 414365 382.282
1897 362236 382.282
1898 393215 382.282
1899 387692 382.282
1900 457290 382.282
1901 505992 382.282
1902 424617 382.282
1903 355918 382.282
1904 331577 382.282
1905 364519 382.282
1906 350976 382.282
1907 344963 382.282
1908 390827 382.282
1909 438736 382.282
1910 482137 382.282
1911 444720 382.282
1912 432448 382.282
1913 415487 382.282
1914 403810 382.282
1915 477780 382.282
1916 458414 382.282
1917 400261 382.282
1918 476417 382.282
1919 472417 382.282
1920 391504 382.282
1921 454257 382.282
1922 477540 382.282
1923 482340 382.282
1924 492139 382.282
1925 538481 382.282
1926 548455 382.282
1927 610572 382.282
1928 583910 382.282
1929 499575 382.282
1930 484086 382.282
1931 469190 382.282
1932 509989 382.282
1933 443902 382.282
1934 422826 382.282
1935 375818 382.282
1936 425653 382.282
1937 448189 382.282
1938 411920 382.282
1939 469490 382.282
1940 445173 382.282
1941 442462 382.282
1942 404853 382.282
1943 442811 382.282
1944 409373 382.282
1945 399749 382.282
1946 362352 382.282
1947 376180 382.282
1948 393007 382.282
1949 409533 382.282
1950 500658 382.282
1951 494218 382.282
1952 478491 382.282
1953 432478 382.282
1954 398887 382.282
1955 376428 382.282
1956 350072 382.282
1957 343619 382.282
1958 355385 382.282
1959 395784 382.282
1960 403489 382.282
1961 427750 382.282
1962 410357 382.282
1963 440744 382.282
1964 545083 382.282
1965 446209 382.282
1966 382177 382.282
1967 392988 382.282
1968 413085 382.282
1969 386619 382.282
1970 350486 382.282
1971 395641 382.282
1972 345385 382.282
1973 368984 382.282
1974 367917 382.282
1975 435322 382.282
1976 410191 382.282
1977 415464 382.282
1978 395208 382.282
1979 365984 382.282
1980 346753 382.282
1981 390854 382.282
1982 423891 382.282
1983 372897 382.282
1984 451447 382.282
1985 492078 382.282
1986 460598 382.282
1987 455008 382.282
1988 448537 382.282
1989 436750 382.282
1990 434382 382.282
1991 466349 382.282
1992 414309 382.282
1993 457390 382.282
1994 393954 382.282
1995 391791 382.282
1996 422724 382.282
1997 361729 382.282
1998 357555 382.282
1999 402411 382.282
2000 402723 382.282
2001 387138 382.282
2002 482258 382.282
2003 467703 382.282
2004 454444 382.282
2005 464187 382.282
2006 411678 382.282
2007 402613 382.282
2008 381623 382.282
2009 382235 382.282
2010 367181 382.282
2011 380164 382.282
2012 416805 382.282
2013 375421 382.282
2014 397553 382.282
2015 395505 382.282
2016 376841 382.282
2017 422062 382.282
2018 414529 382.282
2019 436328 382.282
2020 463431 382.282
2021 533319 382.282
2022 449036 382.282
2023 454148 382.282
2024 433103 382.282
2025 432051 382.282
2026 478120 382.282
2027 454794 382.282
2028 431736 382.282
2029 468576 382.282
2030 457162 382.282
2031 505449 382.282
2032 393071 382.282
2033 463511 382.282
2034 491448 382.282
2035 458728 382.282
2036 385287 382.282
2037 418345 382.282
2038 409310 382.282
2039 344445 382.282
2040 443144 382.282
2041 428808 382.282
2042 513913 382.282
2043 527178 382.282
2044 521280 382.282
2045 442706 275.167
2046 424489 275.167
2047 461522 275.167
2048 513905 275.167
2049 429344 275.167
2050 499129 275.167
2051 417963 275.167
2052 452425 275.167
2053 470788 275.167
2054 474408 275.167
2055 522489 275.167
2056 429186 275.167
2057 439087 275.167
2058 402191 275.167
2059 401983 275.167
2060 388012 275.167
2061 434156 275.167
2062 359279 275.167
2063 427427 275.167
2064 449092 275.167
2065 426797 275.167
2066 433899 275.167
2067 443078 275.167
2068 519282 275.167
2069 418227 275.167
2070 433147 275.167
2071 435062 275.167
2072 430636 275.167
2073 498471 275.167
2074 490172 275.167
2075 467532 275.167
2076 446341 275.167
2077 409372 275.167
2078 397197 275.167
2079 369477 275.167
2080 491128 275.167
2081 484969 275.167
2082 442077 275.167
2083 513964 275.167
2084 385866 275.167
2085 400140 275.167
2086 413869 275.167
2087 408050 275.167
2088 411838 275.167
2089 419871 275.167
2090 434677 275.167
2091 434302 275.167
2092 470073 275.167
2093 481276 275.167
2094 441558 275.167
2095 434447 275.167
2096 366805 275.167
2097 342333 275.167
2098 372559 275.167
2099 398184 275.167
2100 479816 275.167
2101 486342 275.167
2102 353754 275.167
2103 404983 275.167
2104 399337 275.167
2105 394959 275.167
2106 387142 275.167
2107 368361 275.167
2108 377299 275.167
2109 377304 275.167
2110 419560 275.167
2111 417191 275.167
2112 367542 275.167
2113 327633 275.167
2114 297821 275.167
2115 305178 275.167
2116 407214 275.167
2117 410250 275.167
2118 451762 275.167
2119 513358 275.167
2120 437332 275.167
2121 456942 275.167
2122 481106 275.167
2123 476594 275.167
2124 511894 275.167
2125 475985 275.167
2126 507043 275.167
2127 557772 275.167
2128 543883 275.167
2129 538191 275.167
2130 586079 275.167
2131 608239 275.167
2132 548294 275.167
2133 501903 275.167
2134 492404 275.167
2135 496158 275.167
2136 442198 275.167
2137 384819 275.167
2138 347023 275.167
2139 318047 275.167
2140 352141 275.167
2141 340311 275.167
2142 367990 275.167
2143 454012 275.167
2144 442155 275.167
2145 498334 275.167
2146 488831 275.167
2147 495541 275.167
2148 494677 275.167
2149 446193 275.167
2150 540688 275.167
2151 575341 275.167
2152 591348 275.167
2153 533780 275.167
2154 567982 275.167
2155 570210 275.167
2156 575730 275.167
2157 518058 275.167
2158 540910 275.167
2159 541919 275.167
2160 617366 275.167
2161 529528 275.167
2162 552870 275.167
2163 520328 275.167
2164 505245 275.167
2165 506627 275.167
2166 467870 275.167
2167 426428 275.167
2168 382538 275.167
2169 357678 275.167
2170 315040 275.167
2171 387129 275.167
2172 370982 275.167
2173 367287 275.167
2174 383482 275.167
2175 402854 275.167
2176 442796 275.167
2177 446921 275.167
2178 459276 275.167
2179 481919 275.167
2180 464176 275.167
2181 542998 275.167
2182 508372 275.167
2183 488518 275.167
2184 450457 275.167
2185 433324 275.167
2186 472541 275.167
2187 450409 275.167
2188 490230 275.167
2189 398399 275.167
2190 418175 275.167
2191 450394 275.167
2192 458726 275.167
2193 458935 275.167
2194 353157 275.167
2195 331153 275.167
2196 383261 275.167
2197 385551 275.167
2198 417743 275.167
2199 464674 275.167
2200 365678 275.167
2201 307378 275.167
2202 312391 275.167
2203 375593 275.167
2204 383043 275.167
2205 396936 275.167
2206 370129 275.167
2207 379800 275.167
2208 394350 275.167
2209 452186 275.167
2210 399347 275.167
2211 383461 275.167
2212 403649 275.167
2213 387512 275.167
2214 429175 275.167
2215 452306 275.167
2216 454732 275.167
2217 481758 275.167
2218 496769 275.167
2219 513989 275.167
2220 561584 275.167
2221 500638 275.167
2222 430546 275.167
2223 425723 275.167
2224 464086 275.167
2225 460596 275.167
2226 433046 275.167
2227 474207 275.167
2228 526023 275.167
2229 444560 275.167
2230 470461 275.167
2231 468093 275.167
2232 512669 275.167
2233 495184 275.167
2234 489226 275.167
2235 457861 275.167
2236 499975 275.167
2237 516847 275.167
2238 454513 275.167
2239 461889 275.167
2240 520221 275.167
2241 448473 275.167
2242 444921 275.167
2243 391525 275.167
2244 372788 275.167
2245 367893 275.167
2246 407257 275.167
2247 391006 275.167
2248 427728 275.167
2249 439444 275.167
2250 410103 275.167
2251 473314 275.167
2252 429224 275.167
2253 465096 275.167
2254 438354 275.167
2255 480289 275.167
2256 404625 275.167
2257 425136 275.167
2258 345195 275.167
2259 380459 275.167
2260 413870 275.167
2261 434785 275.167
2262 339421 275.167
2263 438278 275.167
2264 409722 275.167
2265 402370 275.167
2266 416368 275.167
2267 402647 275.167
2268 416108 275.167
2269 385953 275.167
2270 455394 275.167
2271 417847 275.167
2272 415047 275.167
2273 373255 275.167
2274 392359 275.167
2275 400343 275.167
2276 331240 275.167
2277 370439 275.167
2278 422168 275.167
2279 476763 275.167
2280 373861 275.167
2281 403280 275.167
2282 378505 275.167
2283 406299 275.167
2284 469680 275.167
2285 440760 275.167
2286 458281 275.167
2287 421333 275.167
2288 445007 275.167
2289 419832 275.167
2290 423378 275.167
2291 452881 275.167
2292 426134 275.167
2293 521447 275.167
2294 550241 275.167
2295 485081 275.167
2296 486120 275.167
2297 537547 275.167
2298 568370 275.167
2299 550026 275.167
2300 535897 275.167
2301 543910 275.167
2302 531265 275.167
2303 525447 275.167
2304 534365 275.167
2305 555079 275.167
2306 538831 275.167
2307 491358 275.167
2308 500748 275.167
2309 441003 275.167
2310 421555 275.167
2311 455161 275.167
2312 422945 275.167
2313 463925 275.167
2314 425924 275.167
2315 454660 275.167
2316 494681 275.167
2317 485347 275.167
2318 423266 275.167
2319 394204 275.167
2320 410026 275.167
2321 404641 275.167
2322 400909 275.167
2323 383982 275.167
2324 409524 275.167
2325 447983 275.167
2326 428018 275.167
2327 453198 275.167
2328 394718 275.167
2329 386185 275.167
2330 400305 275.167
2331 382015 275.167
2332 446620 275.167
2333 434264 275.167
2334 476464 275.167
2335 419939 275.167
2336 437371 275.167
2337 428442 275.167
2338 438129 275.167
2339 440046 275.167
2340 486958 275.167
2341 462973 275.167
2342 490872 275.167
2343 505017 275.167
2344 479351 275.167
2345 467867 275.167
2346 425499 275.167
2347 345838 275.167
2348 366699 275.167
2349 380732 275.167
2350 407342 275.167
2351 400932 275.167
2352 398260 275.167
2353 399223 275.167
2354 416565 275.167
2355 430879 275.167
2356 475020 275.167
2357 443257 275.167
2358 412609 275.167
2359 373767 275.167
2360 389146 275.167
2361 438440 275.167
2362 405396 275.167
2363 449657 275.167
2364 470538 275.167
2365 420254 275.167
2366 367483 275.167
2367 332512 275.167
2368 392010 275.167
2369 392524 275.167
2370 441628 275.167
2371 362328 275.167
2372 352781 275.167
2373 363760 275.167
2374 415402 275.167
2375 422544 275.167
2376 426267 275.167
2377 504235 275.167
2378 489247 275.167
2379 511344 275.167
2380 501561 275.167
2381 470362 275.167
2382 483530 275.167
2383 512851 275.167
2384 542704 275.167
2385 464843 275.167
2386 407661 275.167
2387 389050 275.167
2388 344575 275.167
2389 316374 275.167
2390 328082 275.167
2391 288088 275.167
2392 327511 275.167
2393 297699 275.167
2394 250999 275.167
2395 323065 275.167
2396 300238 275.167
2397 374943 275.167
2398 405226 275.167
2399 424600 275.167
2400 411772 275.167
2401 386267 275.167
2402 320232 275.167
2403 313749 275.167
2404 385986 275.167
2405 341681 275.167
2406 337702 275.167
2407 426748 275.167
2408 450694 275.167
2409 376615 275.167
2410 333416 275.167
2411 417689 275.167
2412 484589 275.167
2413 371200 275.167
2414 394052 275.167
2415 399590 275.167
2416 380105 275.167
2417 411974 275.167
2418 460673 275.167
2419 502251 275.167
2420 453099 275.167
2421 419837 275.167
2422 435681 275.167
2423 457798 275.167
2424 489874 275.167
2425 420763 275.167
2426 419317 275.167
2427 394335 275.167
2428 429070 275.167
2429 456705 275.167
2430 478379 275.167
2431 502307 275.167
2432 558140 275.167
2433 548410 275.167
2434 545181 275.167
2435 518653 275.167
2436 559437 275.167
2437 510981 275.167
2438 481649 275.167
2439 480139 275.167
2440 545294 275.167
2441 508005 275.167
2442 493333 275.167
2443 430607 275.167
2444 433517 275.167
2445 483889 275.167
2446 438007 275.167
2447 471707 275.167
2448 483307 275.167
2449 538478 275.167
2450 560078 275.167
2451 547460 275.167
2452 463860 275.167
2453 397968 275.167
2454 395130 275.167
2455 458067 275.167
2456 489350 275.167
2457 489878 275.167
2458 480038 275.167
2459 505097 275.167
2460 566652 275.167
2461 617049 275.167
2462 652227 275.167
2463 618625 275.167
2464 554867 275.167
2465 512504 275.167
2466 547065 275.167
2467 524360 275.167
2468 538970 275.167
2469 518460 275.167
2470 532144 275.167
2471 466341 275.167
2472 504414 275.167
2473 479974 275.167
2474 481905 275.167
2475 492620 275.167
2476 472113 275.167
2477 430767 275.167
2478 453865 275.167
2479 424257 275.167
2480 442447 275.167
2481 432531 275.167
2482 405490 275.167
2483 467897 275.167
2484 390486 275.167
2485 389131 275.167
2486 405246 275.167
2487 396157 275.167
2488 514689 275.167
2489 498157 275.167
2490 474050 275.167
2491 522667 275.167
2492 476452 275.167
2493 480156 275.167
2494 489844 275.167
2495 467967 275.167
2496 532397 275.167
2497 494330 275.167
2498 457243 275.167
2499 451747 275.167
2500 475694 275.167
2501 454911 275.167
2502 398303 275.167
2503 382767 275.167
2504 483342 275.167
2505 530300 275.167
2506 499165 275.167
2507 606862 275.167
2508 595029 275.167
2509 528847 275.167
2510 502310 275.167
2511 518571 275.167
2512 467574 275.167
2513 489817 275.167
2514 440851 275.167
2515 453465 275.167
2516 499938 275.167
2517 471787 275.167
2518 545642 275.167
2519 560689 275.167
2520 552017 275.167
2521 593641 275.167
2522 575475 275.167
2523 528527 275.167
2524 536225 275.167
2525 546938 275.167
2526 566592 275.167
2527 572793 275.167
2528 576803 275.167
2529 580163 275.167
2530 623548 275.167
2531 585385 275.167
2532 563989 275.167
2533 532304 275.167
2534 522648 275.167
2535 514247 275.167
2536 533579 275.167
2537 466375 275.167
2538 521251 275.167
2539 457973 275.167
2540 434944 275.167
2541 400096 275.167
2542 465000 275.167
2543 437869 275.167
2544 464026 275.167
2545 450390 275.167
2546 479131 275.167
2547 456464 275.167
2548 392782 275.167
2549 356275 275.167
2550 391863 275.167
2551 360703 275.167
2552 350311 275.167
2553 330376 275.167
2554 377160 275.167
2555 398046 275.167
2556 363506 275.167
2557 367678 275.167
2558 336781 275.167
2559 369033 275.167
2560 424188 275.167
2561 436793 275.167
2562 453365 275.167
2563 400858 275.167
2564 446623 275.167
2565 425493 275.167
2566 333332 275.167
2567 363279 275.167
2568 450936 275.167
2569 401368 275.167
2570 382147 275.167
2571 417112 275.167
2572 453586 275.167
2573 406459 275.167
2574 420511 275.167
2575 432915 275.167
2576 401924 275.167
2577 477730 275.167
2578 583586 275.167
2579 596336 275.167
2580 520993 275.167
2581 483005 275.167
2582 436119 275.167
2583 398967 275.167
2584 366916 275.167
2585 384662 275.167
2586 331147 275.167
2587 404665 275.167
2588 318614 275.167
2589 410429 275.167
2590 365343 275.167
2591 421288 275.167
2592 423727 275.167
2593 390648 275.167
2594 471561 275.167
2595 454727 275.167
2596 567269 275.167
2597 524170 275.167
2598 506162 275.167
2599 467948 275.167
2600 603923 275.167
2601 507903 275.167
2602 514995 275.167
2603 601143 275.167
2604 638775 275.167
2605 635214 275.167
2606 603771 275.167
2607 568867 275.167
2608 532274 275.167
2609 503703 275.167
2610 534138 275.167
2611 476039 275.167
2612 545361 275.167
2613 491964 275.167
2614 558251 275.167
2615 536175 275.167
2616 523266 275.167
2617 589342 275.167
2618 511531 275.167
2619 540635 275.167
2620 529576 275.167
2621 530938 275.167
2622 511803 275.167
2623 475733 275.167
2624 441647 275.167
2625 451421 275.167
2626 487384 275.167
2627 445368 275.167
2628 449723 275.167
2629 474356 275.167
2630 463875 275.167
2631 497697 275.167
2632 571227 275.167
2633 621577 275.167
2634 591190 275.167
2635 528415 275.167
2636 564941 275.167
2637 456628 275.167
2638 466877 275.167
2639 446196 275.167
2640 461619 275.167
2641 441606 275.167
2642 448948 275.167
2643 465469 275.167
2644 483388 275.167
2645 455825 275.167
2646 408144 275.167
2647 425344 275.167
2648 445833 275.167
2649 478619 275.167
2650 481154 275.167
2651 493550 275.167
2652 458957 275.167
2653 451387 275.167
2654 435900 275.167
2655 442167 275.167
2656 489001 275.167
2657 501394 275.167
2658 490955 275.167
2659 513623 275.167
2660 531183 275.167
2661 520877 275.167
2662 525075 275.167
2663 489429 275.167
2664 462566 275.167
2665 459238 275.167
2666 448326 275.167
2667 476957 275.167
2668 493466 275.167
2669 478740 275.167
2670 450507 275.167
2671 450965 275.167
2672 464587 275.167
2673 465647 275.167
2674 464272 275.167
2675 437880 275.167
2676 475180 275.167
2677 502127 275.167
2678 485820 275.167
2679 458481 275.167
2680 503101 275.167
2681 450692 275.167
2682 378302 275.167
2683 311485 275.167
2684 345162 275.167
2685 361224 275.167
2686 418581 275.167
2687 434402 275.167
2688 383036 275.167
2689 382321 275.167
2690 398528 275.167
2691 410333 275.167
2692 452517 275.167
2693 398019 275.167
2694 488924 275.167
2695 529570 275.167
2696 551738 275.167
2697 438422 275.167
2698 503166 275.167
2699 511535 275.167
2700 490213 275.167
2701 454027 275.167
2702 445347 275.167
2703 435265 275.167
2704 379675 275.167
2705 343849 275.167
2706 404141 275.167
2707 413446 275.167
2708 463439 275.167
2709 467954 275.167
2710 489335 275.167
2711 480941 275.167
2712 483145 275.167
2713 474085 275.167
2714 507562 275.167
2715 472128 275.167
2716 437441 275.167
2717 470057 275.167
2718 470512 275.167
2719 507248 275.167
2720 518338 275.167
2721 574196 275.167
2722 554155 275.167
2723 509768 275.167
2724 494740 275.167
2725 495596 275.167
2726 524203 275.167
2727 499630 275.167
2728 477907 275.167
2729 495661 275.167
2730 452761 275.167
2731 449327 275.167
2732 360415 275.167
2733 349899 275.167
2734 362888 275.167
2735 411878 275.167
2736 406389 275.167
2737 392346 275.167
2738 445458 275.167
2739 414349 275.167
2740 457277 275.167
2741 409627 275.167
2742 386225 275.167
2743 382214 275.167
2744 351766 275.167
2745 391233 275.167
2746 341772 275.167
2747 360313 275.167
2748 331510 275.167
2749 354206 275.167
2750 312954 275.167
2751 392233 275.167
2752 373721 275.167
2753 377067 275.167
2754 425737 275.167
2755 462925 275.167
2756 491657 275.167
2757 468283 275.167
2758 489312 275.167
2759 451051 275.167
2760 492222 275.167
2761 487800 275.167
2762 433844 275.167
2763 476820 275.167
2764 436173 275.167
2765 481378 275.167
2766 552950 275.167
2767 492720 275.167
2768 472564 275.167
2769 499452 275.167
2770 465293 275.167
2771 539446 275.167
2772 466646 275.167
2773 490600 275.167
2774 542555 275.167
2775 510680 275.167
2776 508422 275.167
2777 436776 275.167
2778 531379 275.167
2779 463852 275.167
2780 486372 275.167
2781 404982 275.167
2782 398991 275.167
2783 406212 275.167
2784 437408 275.167
2785 485140 275.167
2786 442781 275.167
2787 486544 275.167
2788 427902 275.167
2789 354137 275.167
2790 439485 275.167
2791 479532 275.167
2792 402946 275.167
2793 402079 275.167
2794 395645 275.167
2795 449294 275.167
2796 440374 275.167
2797 509583 275.167
2798 497596 275.167
2799 512216 275.167
2800 544913 275.167
2801 507429 275.167
2802 511795 275.167
2803 486085 275.167
2804 502536 275.167
2805 474459 275.167
2806 474654 275.167
2807 422345 275.167
2808 367704 275.167
2809 353498 275.167
2810 352483 275.167
2811 397612 275.167
2812 404068 275.167
2813 426059 275.167
2814 488927 275.167
2815 477124 275.167
2816 536642 275.167
2817 542090 275.167
2818 531653 275.167
2819 532293 275.167
2820 541931 275.167
2821 564163 275.167
2822 551710 275.167
2823 501426 275.167
2824 609216 275.167
2825 550342 275.167
2826 528407 275.167
2827 454042 275.167
2828 466831 275.167
2829 385036 275.167
2830 357024 275.167
2831 391439 275.167
2832 331661 275.167
2833 313793 275.167
2834 358873 275.167
2835 356115 275.167
2836 473440 275.167
2837 505497 275.167
2838 402579 275.167
2839 425926 275.167
2840 410901 275.167
2841 477924 275.167
2842 421340 275.167
2843 424674 275.167
2844 430182 275.167
2845 475987 275.167
2846 451267 275.167
2847 451115 275.167
2848 430979 275.167
2849 424772 275.167
2850 455504 275.167
2851 424992 275.167
2852 447539 275.167
2853 474830 275.167
2854 473636 275.167
2855 499603 275.167
2856 502134 275.167
2857 506762 275.167
2858 500861 275.167
2859 518662 275.167
2860 450318 275.167
2861 412198 275.167
2862 431843 275.167
2863 506147 275.167
2864 468675 275.167
2865 464216 275.167
2866 464931 275.167
2867 550082 275.167
2868 540732 275.167
2869 581882 275.167
2870 555925 275.167
2871 465780 275.167
2872 411063 275.167
2873 433264 275.167
2874 456774 275.167
2875 485524 275.167
2876 492327 275.167
2877 504209 275.167
2878 445583 275.167
2879 455541 275.167
2880 423082 275.167
2881 482225 275.167
2882 441510 275.167
2883 466713 275.167
2884 502972 275.167
2885 470388 275.167
2886 446825 275.167
2887 484726 275.167
2888 453757 275.167
2889 467299 275.167
2890 445288 275.167
2891 509737 275.167
2892 578906 275.167
2893 586573 275.167
2894 487948 275.167
2895 530156 275.167
2896 480656 275.167
2897 434421 275.167
2898 421276 275.167
2899 432485 275.167
2900 495173 275.167
2901 469860 275.167
2902 467778 275.167
2903 415031 275.167
2904 455881 275.167
2905 478237 275.167
2906 503638 275.167
2907 523354 275.167
2908 618841 275.167
2909 565087 275.167
2910 502424 275.167
2911 550486 275.167
2912 555052 275.167
2913 503703 275.167
2914 450392 275.167
2915 488532 275.167
2916 504160 275.167
2917 475842 275.167
2918 424683 275.167
2919 414835 275.167
2920 463084 275.167
2921 510957 275.167
2922 510760 275.167
2923 493443 275.167
2924 515624 275.167
2925 558794 275.167
2926 521680 275.167
2927 485523 275.167
2928 515821 275.167
2929 564658 275.167
2930 598039 275.167
2931 516488 275.167
2932 489517 275.167
2933 493652 275.167
2934 530955 275.167
2935 498734 275.167
2936 463945 275.167
2937 444395 275.167
2938 449238 275.167
2939 447119 275.167
2940 519050 275.167
2941 492265 275.167
2942 481687 275.167
2943 507725 275.167
2944 547037 275.167
2945 409868 275.167
2946 394348 275.167
2947 390146 275.167
2948 414688 275.167
2949 398073 275.167
2950 445893 275.167
2951 397567 275.167
2952 460903 275.167
2953 427033 275.167
2954 439898 275.167
2955 401630 275.167
2956 442772 275.167
2957 406093 275.167
2958 422864 275.167
2959 430326 275.167
2960 405581 275.167
2961 464120 275.167
2962 461796 275.167
2963 475354 275.167
2964 457489 275.167
2965 356115 275.167
2966 376398 275.167
2967 417475 275.167
2968 402946 275.167
2969 375052 275.167
2970 375722 275.167
2971 401717 275.167
2972 360064 275.167
2973 466750 275.167
2974 438357 275.167
2975 490478 275.167
2976 427405 275.167
2977 482422 275.167
2978 471965 275.167
2979 432425 275.167
2980 382665 275.167
2981 384307 275.167
2982 398620 275.167
2983 324734 275.167
2984 429738 275.167
2985 403916 275.167
2986 389693 275.167
2987 334979 275.167
2988 337576 275.167
2989 424997 275.167
2990 426058 275.167
2991 481289 275.167
2992 452120 275.167
2993 503531 275.167
2994 559653 275.167
2995 554742 275.167
2996 553377 275.167
2997 512115 275.167
2998 465221 275.167
2999 486738 275.167
3000 496624 275.167
