600 -0.00228883 1
-600 -0.00228883 1
0.00228883 -0.00228883 2
-0.00228883 -0.00228883 2
0.00228883 -0.00228883 2
-0.00228883 -0.00228883 2
0.00228883 -0.00228883 2
-0.00228883 -0.00228883 2
0.00228883 -0.00228883 2
-0.00228883 -0.00228883 2
0.00228883 -0.00228883 2
-0.00228883 -0.00228883 2
0.00228883 -0.00228883 2
-0.00228883 -0.00228883 2
0.00228883 -0.00228883 2
-0.00228883 -0.00228883 2
0.00228883 -0.00228883 2
-0.00228883 -0.00228883 2
0.00228883 -0.00228883 2
-0.00228883 -0.00228883 2
0.00228883 -0.00228883 2
-0.00228883 -0.00228883 2
0.00228883 -0.00228883 2
-0.00228883 -0.00228883 2
0.00228883 -0.00228883 2
-0.00228883 -0.00228883 2
0.00228883 -0.00228883 2
-0.00228883 -0.00228883 2
0.00228883 -0.00228883 2
-0.00228883 -0.00228883 2
0.00228883 -0.00228883 2
-0.00228883 -0.00228883 2
0.00228883 -0.00228883 2
-0.00228883 -0.00228883 2
300.003 -0.00228883 2
-300.003 -0.00228883 2
300.003 -0.00228883 2
-300.003 -0.00228883 2
300.003 -0.00228883 2
-300.003 -0.00228883 2
300.003 -0.00228883 2
-300.003 -0.00228883 2
300.003 -0.00228883 2
-300.003 -0.00228883 2
300.003 -0.00228883 2
-300.003 -0.00228883 2
300.003 -0.00228883 2
-300.003 -0.00228883 2
300.003 -0.00228883 2
-300.003 -0.00228883 2
300.003 -0.00228883 2
-300.003 -0.00228883 2
300.003 -0.00228883 2
-300.003 -0.00228883 2
300.003 -0.00228883 2
-300.003 -0.00228883 2
300.003 -0.00228883 2
-300.003 -0.00228883 2
300.003 -0.00228883 2
-300.003 -0.00228883 2
300.003 -0.00228883 2
-300.003 -0.00228883 2
300.003 -0.00228883 2
-300.003 -0.00228883 2
300.003 -0.00228883 2
-300.003 -0.00228883 2
450.004 -0.00228883 2
-450.004 -0.00228883 2
450.004 -0.00228883 2
-450.004 -0.00228883 2
450.004 -0.00228883 2
-450.004 -0.00228883 2
450.004 -0.00228883 2
-450.004 -0.00228883 2
450.004 -0.00228883 2
-450.004 -0.00228883 2
450.004 -0.00228883 2
-450.004 -0.00228883 2
450.004 -0.00228883 2
-450.004 -0.00228883 2
450.004 -0.00228883 2
-450.004 -0.00228883 2
450.004 -0.00228883 2
-450.004 -0.00228883 2
450.004 -0.00228883 2
-450.004 -0.00228883 2
450.004 -0.00228883 2
-450.004 -0.00228883 2
450.004 -0.00228883 2
-450.004 -0.00228883 2
450.004 -0.00228883 2
-450.004 -0.00228883 2
450.004 -0.00228883 2
-450.004 -0.00228883 2
450.004 -0.00228883 2
-450.004 -0.00228883 2
450.004 -0.00228883 2
-450.004 -0.00228883 2
525.004 -0.00228883 2
-525.004 -0.00228883 2
525.004 -0.00228883 2
-525.004 -0.00228883 2
525.004 -0.00228883 2
-525.004 -0.00228883 2
525.004 -0.00228883 2
-525.004 -0.00228883 2
525.004 -0.00228883 2
-525.004 -0.00228883 2
525.004 -0.00228883 2
-525.004 -0.00228883 2
525.004 -0.00228883 2
-525.004 -0.00228883 2
525.004 -0.00228883 2
-525.004 -0.00228883 2
525.004 -0.00228883 2
-525.004 -0.00228883 2
525.004 -0.00228883 2
-525.004 -0.00228883 2
525.004 -0.00228883 2
-525.004 -0.00228883 2
525.004 -0.00228883 2
-525.004 -0.00228883 2
525.004 -0.00228883 2
-525.004 -0.00228883 2
525.004 -0.00228883 2
-525.004 -0.00228883 2
525.004 -0.00228883 2
-525.004 -0.00228883 2
525.004 -0.00228883 2
-525.004 -0.00228883 2
562.504 -0.00228883 2
-562.504 -0.00228883 2
562.504 -0.00228883 2
-562.504 -0.00228883 2
562.504 -0.00228883 2
-562.504 -0.00228883 2
562.504 -0.00228883 2
-562.504 -0.00228883 2
562.504 -0.00228883 2
-562.504 -0.00228883 2
562.504 -0.00228883 2
-562.504 -0.00228883 2
562.504 -0.00228883 2
-562.504 -0.00228883 2
562.504 -0.00228883 2
-562.504 -0.00228883 2
562.504 -0.00228883 2
-562.504 -0.00228883 2
562.504 -0.00228883 2
-562.504 -0.00228883 2
562.504 -0.00228883 2
-562.504 -0.00228883 2
562.504 -0.00228883 2
-562.504 -0.00228883 2
562.504 -0.00228883 2
-562.504 -0.00228883 2
562.504 -0.00228883 2
-562.504 -0.00228883 2
562.504 -0.00228883 2
-562.504 -0.00228883 2
562.504 -0.00228883 2
-562.504 -0.00228883 2
581.255 -0.00228883 2
-581.255 -0.00228883 2
581.255 -0.00228883 2
-581.255 -0.00228883 2
581.255 -0.00228883 2
-581.255 -0.00228883 2
581.255 -0.00228883 2
-581.255 -0.00228883 2
581.255 -0.00228883 2
-581.255 -0.00228883 2
581.255 -0.00228883 2
-581.255 -0.00228883 2
581.255 -0.00228883 2
-581.255 -0.00228883 2
581.255 -0.00228883 2
-581.255 -0.00228883 2
581.255 -0.00228883 2
-581.255 -0.00228883 2
581.255 -0.00228883 2
-581.255 -0.00228883 2
581.255 -0.00228883 2
-581.255 -0.00228883 2
581.255 -0.00228883 2
-581.255 -0.00228883 2
581.255 -0.00228883 2
-581.255 -0.00228883 2
581.255 -0.00228883 2
-581.255 -0.00228883 2
581.255 -0.00228883 2
-581.255 -0.00228883 2
581.255 -0.00228883 2
-581.255 -0.00228883 2
590.63 -0.00228883 2
-590.63 -0.00228883 2
590.63 -0.00228883 2
-590.63 -0.00228883 2
590.63 -0.00228883 2
-590.63 -0.00228883 2
590.63 -0.00228883 2
-590.63 -0.00228883 2
590.63 -0.00228883 2
-590.63 -0.00228883 2
590.63 -0.00228883 2
-590.63 -0.00228883 2
590.63 -0.00228883 2
-590.63 -0.00228883 2
590.63 -0.00228883 2
-590.63 -0.00228883 2
590.63 -0.00228883 2
-590.63 -0.00228883 2
590.63 -0.00228883 2
-590.63 -0.00228883 2
590.63 -0.00228883 2
-590.63 -0.00228883 2
590.63 -0.00228883 2
-590.63 -0.00228883 2
590.63 -0.00228883 2
-590.63 -0.00228883 2
590.63 -0.00228883 2
-590.63 -0.00228883 2
590.63 -0.00228883 2
-590.63 -0.00228883 2
590.63 -0.00228883 2
-590.63 -0.00228883 2
595.317 -0.00228883 2
-595.317 -0.00228883 2
595.317 -0.00228883 2
-595.317 -0.00228883 2
595.317 -0.00228883 2
-595.317 -0.00228883 2
595.317 -0.00228883 2
-595.317 -0.00228883 2
595.317 -0.00228883 2
-595.317 -0.00228883 2
595.317 -0.00228883 2
-595.317 -0.00228883 2
595.317 -0.00228883 2
-595.317 -0.00228883 2
595.317 -0.00228883 2
-595.317 -0.00228883 2
595.317 -0.00228883 2
-595.317 -0.00228883 2
595.317 -0.00228883 2
-595.317 -0.00228883 2
595.317 -0.00228883 2
-595.317 -0.00228883 2
595.317 -0.00228883 2
-595.317 -0.00228883 2
595.317 -0.00228883 2
-595.317 -0.00228883 2
595.317 -0.00228883 2
-595.317 -0.00228883 2
595.317 -0.00228883 2
-595.317 -0.00228883 2
595.317 -0.00228883 2
-595.317 -0.00228883 2
597.661 -0.00228883 2
-597.661 -0.00228883 2
597.661 -0.00228883 2
-597.661 -0.00228883 2
597.661 -0.00228883 2
-597.661 -0.00228883 2
597.661 -0.00228883 2
-597.661 -0.00228883 2
597.661 -0.00228883 2
-597.661 -0.00228883 2
597.661 -0.00228883 2
-597.661 -0.00228883 2
597.661 -0.00228883 2
-597.661 -0.00228883 2
597.661 -0.00228883 2
-597.661 -0.00228883 2
597.661 -0.00228883 2
-597.661 -0.00228883 2
597.661 -0.00228883 2
-597.661 -0.00228883 2
597.661 -0.00228883 2
-597.661 -0.00228883 2
597.661 -0.00228883 2
-597.661 -0.00228883 2
597.661 -0.00228883 2
-597.661 -0.00228883 2
597.661 -0.00228883 2
-597.661 -0.00228883 2
597.661 -0.00228883 2
-597.661 -0.00228883 2
597.661 -0.00228883 2
-597.661 -0.00228883 2
598.833 -0.00228883 2
-598.833 -0.00228883 2
598.833 -0.00228883 2
-598.833 -0.00228883 2
598.833 -0.00228883 2
-598.833 -0.00228883 2
598.833 -0.00228883 2
-598.833 -0.00228883 2
598.833 -0.00228883 2
-598.833 -0.00228883 2
598.833 -0.00228883 2
-598.833 -0.00228883 2
598.833 -0.00228883 2
-598.833 -0.00228883 2
598.833 -0.00228883 2
-598.833 -0.00228883 2
598.833 -0.00228883 2
-598.833 -0.00228883 2
598.833 -0.00228883 2
-598.833 -0.00228883 2
598.833 -0.00228883 2
-598.833 -0.00228883 2
598.833 -0.00228883 2
-598.833 -0.00228883 2
598.833 -0.00228883 2
-598.833 -0.00228883 2
598.833 -0.00228883 2
-598.833 -0.00228883 2
598.833 -0.00228883 2
-598.833 -0.00228883 2
598.833 -0.00228883 2
-598.833 -0.00228883 2
599.419 -0.00228883 2
-599.419 -0.00228883 2
599.419 -0.00228883 2
-599.419 -0.00228883 2
599.419 -0.00228883 2
-599.419 -0.00228883 2
599.419 -0.00228883 2
-599.419 -0.00228883 2
599.419 -0.00228883 2
-599.419 -0.00228883 2
599.419 -0.00228883 2
-599.419 -0.00228883 2
599.419 -0.00228883 2
-599.419 -0.00228883 2
599.419 -0.00228883 2
-599.419 -0.00228883 2
599.419 -0.00228883 2
-599.419 -0.00228883 2
599.419 -0.00228883 2
-599.419 -0.00228883 2
599.419 -0.00228883 2
-599.419 -0.00228883 2
599.419 -0.00228883 2
-599.419 -0.00228883 2
599.419 -0.00228883 2
-599.419 -0.00228883 2
599.419 -0.00228883 2
-599.419 -0.00228883 2
599.419 -0.00228883 2
-599.419 -0.00228883 2
599.419 -0.00228883 2
-599.419 -0.00228883 2
599.712 -0.00228883 2
-599.712 -0.00228883 2
599.712 -0.00228883 2
-599.712 -0.00228883 2
599.712 -0.00228883 2
-599.712 -0.00228883 2
599.712 -0.00228883 2
-599.712 -0.00228883 2
599.712 -0.00228883 2
-599.712 -0.00228883 2
599.712 -0.00228883 2
-599.712 -0.00228883 2
599.712 -0.00228883 2
-599.712 -0.00228883 2
599.712 -0.00228883 2
-599.712 -0.00228883 2
599.712 -0.00228883 2
-599.712 -0.00228883 2
599.712 -0.00228883 2
-599.712 -0.00228883 2
599.712 -0.00228883 2
-599.712 -0.00228883 2
599.712 -0.00228883 2
-599.712 -0.00228883 2
599.712 -0.00228883 2
-599.712 -0.00228883 2
599.712 -0.00228883 2
-599.712 -0.00228883 2
599.712 -0.00228883 2
-599.712 -0.00228883 2
599.712 -0.00228883 2
-599.712 -0.00228883 2
599.858 -0.00228883 2
-599.858 -0.00228883 2
599.858 -0.00228883 2
-599.858 -0.00228883 2
599.858 -0.00228883 2
-599.858 -0.00228883 2
599.858 -0.00228883 2
-599.858 -0.00228883 2
599.858 -0.00228883 2
-599.858 -0.00228883 2
599.858 -0.00228883 2
-599.858 -0.00228883 2
599.858 -0.00228883 2
-599.858 -0.00228883 2
599.858 -0.00228883 2
-599.858 -0.00228883 2
599.858 -0.00228883 2
-599.858 -0.00228883 2
599.858 -0.00228883 2
-599.858 -0.00228883 2
599.858 -0.00228883 2
-599.858 -0.00228883 2
599.858 -0.00228883 2
-599.858 -0.00228883 2
599.858 -0.00228883 2
-599.858 -0.00228883 2
599.858 -0.00228883 2
-599.858 -0.00228883 2
599.858 -0.00228883 2
-599.858 -0.00228883 2
599.858 -0.00228883 2
-599.858 -0.00228883 2
599.931 -0.00228883 2
-599.931 -0.00228883 2
599.931 -0.00228883 2
-599.931 -0.00228883 2
599.931 -0.00228883 2
-599.931 -0.00228883 2
599.931 -0.00228883 2
-599.931 -0.00228883 2
599.931 -0.00228883 2
-599.931 -0.00228883 2
599.931 -0.00228883 2
-599.931 -0.00228883 2
599.931 -0.00228883 2
-599.931 -0.00228883 2
599.931 -0.00228883 2
-599.931 -0.00228883 2
599.931 -0.00228883 2
-599.931 -0.00228883 2
599.931 -0.00228883 2
-599.931 -0.00228883 2
599.931 -0.00228883 2
-599.931 -0.00228883 2
599.931 -0.00228883 2
-599.931 -0.00228883 2
599.931 -0.00228883 2
-599.931 -0.00228883 2
599.931 -0.00228883 2
-599.931 -0.00228883 2
599.931 -0.00228883 2
-599.931 -0.00228883 2
599.931 -0.00228883 2
-599.931 -0.00228883 2
599.968 -0.00228883 2
-599.968 -0.00228883 2
599.968 -0.00228883 2
-599.968 -0.00228883 2
599.968 -0.00228883 2
-599.968 -0.00228883 2
599.968 -0.00228883 2
-599.968 -0.00228883 2
599.968 -0.00228883 2
-599.968 -0.00228883 2
599.968 -0.00228883 2
-599.968 -0.00228883 2
599.968 -0.00228883 2
-599.968 -0.00228883 2
599.968 -0.00228883 2
-599.968 -0.00228883 2
599.968 -0.00228883 2
-599.968 -0.00228883 2
599.968 -0.00228883 2
-599.968 -0.00228883 2
599.968 -0.00228883 2
-599.968 -0.00228883 2
599.968 -0.00228883 2
-599.968 -0.00228883 2
599.968 -0.00228883 2
-599.968 -0.00228883 2
599.968 -0.00228883 2
-599.968 -0.00228883 2
599.968 -0.00228883 2
-599.968 -0.00228883 2
599.968 -0.00228883 2
-599.968 -0.00228883 2
599.986 -0.00228883 2
-599.986 -0.00228883 2
599.986 -0.00228883 2
-599.986 -0.00228883 2
599.986 -0.00228883 2
-599.986 -0.00228883 2
599.986 -0.00228883 2
-599.986 -0.00228883 2
599.986 -0.00228883 2
-599.986 -0.00228883 2
599.986 -0.00228883 2
-599.986 -0.00228883 2
599.986 -0.00228883 2
-599.986 -0.00228883 2
599.986 -0.00228883 2
-599.986 -0.00228883 2
599.986 -0.00228883 2
-599.986 -0.00228883 2
599.986 -0.00228883 2
-599.986 -0.00228883 2
599.986 -0.00228883 2
-599.986 -0.00228883 2
599.986 -0.00228883 2
-599.986 -0.00228883 2
599.986 -0.00228883 2
-599.986 -0.00228883 2
599.986 -0.00228883 2
-599.986 -0.00228883 2
599.986 -0.00228883 2
-599.986 -0.00228883 2
599.986 -0.00228883 2
-599.986 -0.00228883 2
