0.000000 2.000000
0.010000 1.999721
0.020000 1.999443
0.030000 1.999166
0.040000 1.998892
0.050000 1.998621
0.060000 1.998354
0.070000 1.998092
0.080000 1.997835
0.090000 1.997584
0.100000 1.997341
0.110000 1.997105
0.120000 1.996879
0.130000 1.996661
0.140000 1.996455
0.150000 1.996259
0.160000 1.996075
0.170000 1.995903
0.180000 1.995745
0.190000 1.995602
0.200000 1.995473
0.210000 1.995360
0.220000 1.995264
0.230000 1.995185
0.240000 1.995125
0.250000 1.995083
0.260000 1.995062
0.270000 1.995060
0.280000 1.995081
0.290000 1.995123
0.300000 1.995188
0.310000 1.995277
0.320000 1.995391
0.330000 1.995530
0.340000 1.995695
0.350000 1.995887
0.360000 1.996106
0.370000 1.996354
0.380000 1.996632
0.390000 1.996939
0.400000 1.997278
0.410000 1.997648
0.420000 1.998050
0.430000 1.998486
0.440000 1.998955
0.450000 1.999460
0.460000 2.000000
0.470000 2.000576
0.480000 2.001184
0.490000 2.001821
0.500000 2.002482
0.510000 2.003164
0.520000 2.003862
0.530000 2.004573
0.540000 2.005293
0.550000 2.006017
0.560000 2.006743
0.570000 2.007465
0.580000 2.008180
0.590000 2.008884
0.600000 2.009573
0.610000 2.010243
0.620000 2.010890
0.630000 2.011510
0.640000 2.012099
0.650000 2.012653
0.660000 2.013169
0.670000 2.013642
0.680000 2.014068
0.690000 2.014444
0.700000 2.014764
0.710000 2.015027
0.720000 2.015227
0.730000 2.015360
0.740000 2.015423
0.750000 2.015411
0.760000 2.015322
0.770000 2.015149
0.780000 2.014891
0.790000 2.014542
0.800000 2.014100
0.810000 2.013559
0.820000 2.012916
0.830000 2.012167
0.840000 2.011308
0.850000 2.010335
0.860000 2.009244
0.870000 2.008031
0.880000 2.006692
0.890000 2.005224
0.900000 2.003621
0.910000 2.001882
0.920000 2.000000
0.930000 1.997976
0.940000 1.995821
0.950000 1.993551
0.960000 1.991181
0.970000 1.988724
0.980000 1.986198
0.990000 1.983616
1.000000 1.980994
1.010000 1.978346
1.020000 1.975688
1.030000 1.973035
1.040000 1.970401
1.050000 1.967803
1.060000 1.965254
1.070000 1.962770
1.080000 1.960366
1.090000 1.958058
1.100000 1.955859
1.110000 1.953785
1.120000 1.951851
1.130000 1.950072
1.140000 1.948464
1.150000 1.947040
1.160000 1.945817
1.170000 1.944809
1.180000 1.944032
1.190000 1.943500
1.200000 1.943228
1.210000 1.943231
1.220000 1.943525
1.230000 1.944125
1.240000 1.945045
1.250000 1.946300
1.260000 1.947907
1.270000 1.949878
1.280000 1.952231
1.290000 1.954979
1.300000 1.958138
1.310000 1.961723
1.320000 1.965748
1.330000 1.970229
1.340000 1.975182
1.350000 1.980620
1.360000 1.986559
1.370000 1.993014
1.380000 2.000000
1.390000 2.007520
1.400000 2.015531
1.410000 2.023974
1.420000 2.032796
1.430000 2.041938
1.440000 2.051346
1.450000 2.060963
1.460000 2.070733
1.470000 2.080599
1.480000 2.090505
1.490000 2.100396
1.500000 2.110214
1.510000 2.119904
1.520000 2.129410
1.530000 2.138676
1.540000 2.147644
1.550000 2.156260
1.560000 2.164466
1.570000 2.172208
1.580000 2.179427
1.590000 2.186069
1.600000 2.192077
1.610000 2.197395
1.620000 2.201966
1.630000 2.205735
1.640000 2.208646
1.650000 2.210641
1.660000 2.211666
1.670000 2.211663
1.680000 2.210577
1.690000 2.208351
1.700000 2.204929
1.710000 2.200256
1.720000 2.194274
1.730000 2.186928
1.740000 2.178161
1.750000 2.167917
1.760000 2.156141
1.770000 2.142775
1.780000 2.127764
1.790000 2.111052
1.800000 2.092582
1.810000 2.072298
1.820000 2.050143
1.830000 2.026063
1.840000 2.000000
1.850000 1.971943
1.860000 1.942057
1.870000 1.910551
1.880000 1.877636
1.890000 1.843522
1.900000 1.808417
1.910000 1.772532
1.920000 1.736076
1.930000 1.699260
1.940000 1.662292
1.950000 1.625383
1.960000 1.588742
1.970000 1.552579
1.980000 1.517104
1.990000 1.482527
2.000000 1.449056
2.010000 1.416902
2.020000 1.386276
2.030000 1.357385
2.040000 1.330440
2.050000 1.305652
2.060000 1.283228
2.070000 1.263380
2.080000 1.246317
2.090000 1.232249
2.100000 1.221385
2.110000 1.213935
2.120000 1.210109
2.130000 1.210116
2.140000 1.214167
2.150000 1.222471
2.160000 1.235238
2.170000 1.252677
2.180000 1.274998
2.190000 1.302411
2.200000 1.335126
2.210000 1.373352
2.220000 1.417299
2.230000 1.467176
2.240000 1.523195
2.250000 1.585563
2.260000 1.654492
2.270000 1.730190
2.280000 1.812868
2.290000 1.902734
2.300000 2.000000
2.310000 2.104775
2.320000 2.216771
2.330000 2.335602
2.340000 2.460880
2.350000 2.592218
2.360000 2.729231
2.370000 2.871529
2.380000 3.018727
2.390000 3.170437
2.400000 3.326273
2.410000 3.485847
2.420000 3.648772
2.430000 3.814662
2.440000 3.983129
2.450000 4.153786
2.460000 4.326246
2.470000 4.500123
2.480000 4.675028
2.490000 4.850576
2.500000 5.026379
2.510000 5.202050
2.520000 5.377202
2.530000 5.551449
2.540000 5.724402
2.550000 5.895675
2.560000 6.064881
2.570000 6.231634
2.580000 6.395545
2.590000 6.556228
2.600000 6.713296
2.610000 6.866362
2.620000 7.015038
2.630000 7.158939
2.640000 7.297676
2.650000 7.430863
2.660000 7.558113
2.670000 7.679039
2.680000 7.793253
2.690000 7.900369
2.700000 8.000000
2.710000 8.091862
2.720000 8.176089
2.730000 8.252916
2.740000 8.322581
2.750000 8.385320
2.760000 8.441369
2.770000 8.490966
2.780000 8.534347
2.790000 8.571748
2.800000 8.603406
2.810000 8.629558
2.820000 8.650440
2.830000 8.666289
2.840000 8.677341
2.850000 8.683833
2.860000 8.686002
2.870000 8.684085
2.880000 8.678317
2.890000 8.668935
2.900000 8.656177
2.910000 8.640278
2.920000 8.621476
2.930000 8.600006
2.940000 8.576106
2.950000 8.550011
2.960000 8.521960
2.970000 8.492188
2.980000 8.460931
2.990000 8.428427
3.000000 8.394912
3.010000 8.360623
3.020000 8.325796
3.030000 8.290667
3.040000 8.255475
3.050000 8.220454
3.060000 8.185842
3.070000 8.151875
3.080000 8.118790
3.090000 8.086823
3.100000 8.056212
3.110000 8.027192
3.120000 8.000000
3.130000 7.974824
3.140000 7.951654
3.150000 7.930433
3.160000 7.911101
3.170000 7.893601
3.180000 7.877873
3.190000 7.863861
3.200000 7.851504
3.210000 7.840745
3.220000 7.831526
3.230000 7.823787
3.240000 7.817472
3.250000 7.812520
3.260000 7.808875
3.270000 7.806477
3.280000 7.805268
3.290000 7.805190
3.300000 7.806185
3.310000 7.808194
3.320000 7.811158
3.330000 7.815019
3.340000 7.819720
3.350000 7.825201
3.360000 7.831404
3.370000 7.838271
3.380000 7.845743
3.390000 7.853763
3.400000 7.862271
3.410000 7.871209
3.420000 7.880519
3.430000 7.890143
3.440000 7.900022
3.450000 7.910097
3.460000 7.920311
3.470000 7.930605
3.480000 7.940921
3.490000 7.951200
3.500000 7.961384
3.510000 7.971414
3.520000 7.981232
3.530000 7.990781
3.540000 8.000000
3.550000 8.008842
3.560000 8.017293
3.570000 8.025352
3.580000 8.033014
3.590000 8.040276
3.600000 8.047137
3.610000 8.053591
3.620000 8.059638
3.630000 8.065272
3.640000 8.070491
3.650000 8.075293
3.660000 8.079674
3.670000 8.083630
3.680000 8.087159
3.690000 8.090258
3.700000 8.092924
3.710000 8.095153
3.720000 8.096943
3.730000 8.098290
3.740000 8.099192
3.750000 8.099644
3.760000 8.099645
3.770000 8.099190
3.780000 8.098278
3.790000 8.096904
3.800000 8.095067
3.810000 8.092761
3.820000 8.089986
3.830000 8.086736
3.840000 8.083011
3.850000 8.078805
3.860000 8.074117
3.870000 8.068943
3.880000 8.063279
3.890000 8.057124
3.900000 8.050474
3.910000 8.043325
3.920000 8.035675
3.930000 8.027521
3.940000 8.018859
3.950000 8.009686
3.960000 8.000000
3.970000 7.989809
3.980000 7.979172
3.990000 7.968160
4.000000 7.956844
4.010000 7.945293
4.020000 7.933580
4.030000 7.921774
4.040000 7.909946
4.050000 7.898167
4.060000 7.886509
4.070000 7.875041
4.080000 7.863834
4.090000 7.852959
4.100000 7.842487
4.110000 7.832489
4.120000 7.823035
4.130000 7.814196
4.140000 7.806042
4.150000 7.798645
4.160000 7.792076
4.170000 7.786404
4.180000 7.781701
4.190000 7.778037
4.200000 7.775484
4.210000 7.774111
4.220000 7.773991
4.230000 7.775192
4.240000 7.777787
4.250000 7.781845
4.260000 7.787438
4.270000 7.794636
4.280000 7.803511
4.290000 7.814132
4.300000 7.826571
4.310000 7.840898
4.320000 7.857184
4.330000 7.875499
4.340000 7.895916
4.350000 7.918503
4.360000 7.943332
4.370000 7.970474
4.380000 8.000000
4.390000 8.031921
4.400000 8.066017
4.410000 8.102007
4.420000 8.139611
4.430000 8.178551
4.440000 8.218545
4.450000 8.259314
4.460000 8.300579
4.470000 8.342058
4.480000 8.383473
4.490000 8.424544
4.500000 8.464990
4.510000 8.504533
4.520000 8.542891
4.530000 8.579786
4.540000 8.614936
4.550000 8.648064
4.560000 8.678887
4.570000 8.707128
4.580000 8.732505
4.590000 8.754739
4.600000 8.773551
4.610000 8.788660
4.620000 8.799786
4.630000 8.806650
4.640000 8.808971
4.650000 8.806471
4.660000 8.798868
4.670000 8.785883
4.680000 8.767237
4.690000 8.742649
4.700000 8.711840
4.710000 8.674530
4.720000 8.630438
4.730000 8.579285
4.740000 8.520792
4.750000 8.454677
4.760000 8.380663
4.770000 8.298467
4.780000 8.207812
4.790000 8.108416
4.800000 8.000000
4.810000 7.882408
4.820000 7.755982
4.830000 7.621186
4.840000 7.478485
4.850000 7.328345
4.860000 7.171230
4.870000 7.007605
4.880000 6.837937
4.890000 6.662688
4.900000 6.482326
4.910000 6.297314
4.920000 6.108118
4.930000 5.915203
4.940000 5.719033
4.950000 5.520075
4.960000 5.318793
4.970000 5.115652
4.980000 4.911117
4.990000 4.705653
5.000000 4.499726
5.010000 4.293800
5.020000 4.088340
5.030000 3.883812
5.040000 3.680681
5.050000 3.479411
5.060000 3.280468
5.070000 3.084317
5.080000 2.891422
5.090000 2.702249
5.100000 2.517263
5.110000 2.336929
5.120000 2.161713
5.130000 1.992078
5.140000 1.828491
5.150000 1.671415
5.160000 1.521317
5.170000 1.378662
5.180000 1.243914
5.190000 1.117538
5.200000 1.000000
5.210000 0.891640
5.220000 0.792303
5.230000 0.701708
5.240000 0.619575
5.250000 0.545623
5.260000 0.479573
5.270000 0.421144
5.280000 0.370056
5.290000 0.326028
5.300000 0.288781
5.310000 0.258034
5.320000 0.233508
5.330000 0.214921
5.340000 0.201993
5.350000 0.194445
5.360000 0.191996
5.370000 0.194365
5.380000 0.201273
5.390000 0.212439
5.400000 0.227584
5.410000 0.246426
5.420000 0.268686
5.430000 0.294083
5.440000 0.322337
5.450000 0.353168
5.460000 0.386295
5.470000 0.421439
5.480000 0.458320
5.490000 0.496656
5.500000 0.536167
5.510000 0.576574
5.520000 0.617596
5.530000 0.658954
5.540000 0.700365
5.550000 0.741552
5.560000 0.782232
5.570000 0.822127
5.580000 0.860955
5.590000 0.898437
5.600000 0.934291
5.610000 0.968239
5.620000 1.000000
5.630000 1.029352
5.640000 1.056309
5.650000 1.080942
5.660000 1.103325
5.670000 1.123530
5.680000 1.141628
5.690000 1.157693
5.700000 1.171796
5.710000 1.184009
5.720000 1.194405
5.730000 1.203057
5.740000 1.210035
5.750000 1.215413
5.760000 1.219263
5.770000 1.221658
5.780000 1.222668
5.790000 1.222367
5.800000 1.220827
5.810000 1.218121
5.820000 1.214319
5.830000 1.209495
5.840000 1.203722
5.850000 1.197070
5.860000 1.189613
5.870000 1.181422
5.880000 1.172570
5.890000 1.163130
5.900000 1.153173
5.910000 1.142772
5.920000 1.131998
5.930000 1.120925
5.940000 1.109624
5.950000 1.098169
5.960000 1.086630
5.970000 1.075080
5.980000 1.063592
5.990000 1.052237
6.000000 1.041089
6.010000 1.030218
6.020000 1.019699
6.030000 1.009602
6.040000 1.000000
6.050000 0.990952
6.060000 0.982462
6.070000 0.974522
6.080000 0.967124
6.090000 0.960257
6.100000 0.953913
6.110000 0.948085
6.120000 0.942762
6.130000 0.937935
6.140000 0.933598
6.150000 0.929739
6.160000 0.926352
6.170000 0.923426
6.180000 0.920953
6.190000 0.918925
6.200000 0.917332
6.210000 0.916165
6.220000 0.915417
6.230000 0.915078
6.240000 0.915139
6.250000 0.915592
6.260000 0.916428
6.270000 0.917637
6.280000 0.919212
6.290000 0.921144
6.300000 0.923423
6.310000 0.926041
6.320000 0.928989
6.330000 0.932258
6.340000 0.935840
6.350000 0.939725
6.360000 0.943906
6.370000 0.948372
6.380000 0.953116
6.390000 0.958129
6.400000 0.963401
6.410000 0.968925
6.420000 0.974691
6.430000 0.980690
6.440000 0.986913
6.450000 0.993353
6.460000 1.000000
6.470000 1.006840
6.480000 1.013842
6.490000 1.020968
6.500000 1.028180
6.510000 1.035443
6.520000 1.042718
6.530000 1.049969
6.540000 1.057158
6.550000 1.064249
6.560000 1.071204
6.570000 1.077986
6.580000 1.084558
6.590000 1.090883
6.600000 1.096924
6.610000 1.102644
6.620000 1.108005
6.630000 1.112971
6.640000 1.117504
6.650000 1.121567
6.660000 1.125124
6.670000 1.128136
6.680000 1.130567
6.690000 1.132380
6.700000 1.133538
6.710000 1.134003
6.720000 1.133739
6.730000 1.132708
6.740000 1.130873
6.750000 1.128197
6.760000 1.124643
6.770000 1.120174
6.780000 1.114753
6.790000 1.108342
6.800000 1.100905
6.810000 1.092404
6.820000 1.082803
6.830000 1.072064
6.840000 1.060149
6.850000 1.047023
6.860000 1.032647
6.870000 1.016985
6.880000 1.000000
6.890000 0.981687
6.900000 0.962170
6.910000 0.941607
6.920000 0.920155
6.930000 0.897972
6.940000 0.875215
6.950000 0.852040
6.960000 0.828606
6.970000 0.805069
6.980000 0.781586
6.990000 0.758316
7.000000 0.735415
7.010000 0.713040
7.020000 0.691349
7.030000 0.670499
7.040000 0.650647
7.050000 0.631951
7.060000 0.614567
7.070000 0.598653
7.080000 0.584366
7.090000 0.571864
7.100000 0.561303
7.110000 0.552841
7.120000 0.546636
7.130000 0.542844
7.140000 0.541622
7.150000 0.543128
7.160000 0.547520
7.170000 0.554954
7.180000 0.565587
7.190000 0.579578
7.200000 0.597082
7.210000 0.618258
7.220000 0.643263
7.230000 0.672253
7.240000 0.705387
7.250000 0.742821
7.260000 0.784712
7.270000 0.831219
7.280000 0.882497
7.290000 0.938705
7.300000 1.000000
7.310000 1.066469
7.320000 1.137925
7.330000 1.214108
7.340000 1.294761
7.350000 1.379627
7.360000 1.468448
7.370000 1.560965
7.380000 1.656921
7.390000 1.756057
7.400000 1.858117
7.410000 1.962841
7.420000 2.069973
7.430000 2.179254
7.440000 2.290427
7.450000 2.403233
7.460000 2.517415
7.470000 2.632714
7.480000 2.748874
7.490000 2.865635
7.500000 2.982741
7.510000 3.099933
7.520000 3.216954
7.530000 3.333545
7.540000 3.449449
7.550000 3.564407
7.560000 3.678162
7.570000 3.790457
7.580000 3.901032
7.590000 4.009631
7.600000 4.115995
7.610000 4.219867
7.620000 4.320988
7.630000 4.419101
7.640000 4.513948
7.650000 4.605271
7.660000 4.692812
7.670000 4.776314
7.680000 4.855517
7.690000 4.930165
7.700000 5.000000
7.710000 5.064830
7.720000 5.124728
7.730000 5.179834
7.740000 5.230289
7.750000 5.276231
7.760000 5.317802
7.770000 5.355139
7.780000 5.388384
7.790000 5.417676
7.800000 5.443154
7.810000 5.464959
7.820000 5.483231
7.830000 5.498108
7.840000 5.509732
7.850000 5.518241
7.860000 5.523775
7.870000 5.526475
7.880000 5.526480
7.890000 5.523930
7.900000 5.518965
7.910000 5.511724
7.920000 5.502347
7.930000 5.490974
7.940000 5.477745
7.950000 5.462799
7.960000 5.446277
7.970000 5.428318
7.980000 5.409061
7.990000 5.388648
8.000000 5.367217
8.010000 5.344908
8.020000 5.321861
8.030000 5.298216
8.040000 5.274113
8.050000 5.249691
8.060000 5.225090
8.070000 5.200450
8.080000 5.175911
8.090000 5.151613
8.100000 5.127695
8.110000 5.104296
8.120000 5.081558
8.130000 5.059620
8.140000 5.038621
8.150000 5.018701
8.160000 5.000000
8.170000 4.982628
8.180000 4.966578
8.190000 4.951812
8.200000 4.938292
8.210000 4.925981
8.220000 4.914842
8.230000 4.904837
8.240000 4.895929
8.250000 4.888079
8.260000 4.881252
8.270000 4.875408
8.280000 4.870512
8.290000 4.866525
8.300000 4.863410
8.310000 4.861129
8.320000 4.859646
8.330000 4.858922
8.340000 4.858920
8.350000 4.859603
8.360000 4.860933
8.370000 4.862873
8.380000 4.865385
8.390000 4.868432
8.400000 4.871976
8.410000 4.875981
8.420000 4.880408
8.430000 4.885220
8.440000 4.890379
8.450000 4.895849
8.460000 4.901592
8.470000 4.907569
8.480000 4.913745
8.490000 4.920081
8.500000 4.926540
8.510000 4.933084
8.520000 4.939676
8.530000 4.946279
8.540000 4.952855
8.550000 4.959367
8.560000 4.965777
8.570000 4.972047
8.580000 4.978141
8.590000 4.984021
8.600000 4.989649
8.610000 4.994988
8.620000 5.000000
8.630000 5.004656
8.640000 5.008959
8.650000 5.012917
8.660000 5.016542
8.670000 5.019843
8.680000 5.022830
8.690000 5.025513
8.700000 5.027902
8.710000 5.030008
8.720000 5.031839
8.730000 5.033407
8.740000 5.034721
8.750000 5.035792
8.760000 5.036629
8.770000 5.037242
8.780000 5.037642
8.790000 5.037838
8.800000 5.037840
8.810000 5.037659
8.820000 5.037304
8.830000 5.036786
8.840000 5.036114
8.850000 5.035299
8.860000 5.034350
8.870000 5.033278
8.880000 5.032092
8.890000 5.030804
8.900000 5.029421
8.910000 5.027956
8.920000 5.026417
8.930000 5.024814
8.940000 5.023159
8.950000 5.021460
8.960000 5.019728
8.970000 5.017973
8.980000 5.016204
8.990000 5.014433
9.000000 5.012668
9.010000 5.010920
9.020000 5.009199
9.030000 5.007515
9.040000 5.005878
9.050000 5.004298
9.060000 5.002785
9.070000 5.001349
9.080000 5.000000
9.090000 4.998746
9.100000 4.997586
9.110000 4.996518
9.120000 4.995540
9.130000 4.994647
9.140000 4.993839
9.150000 4.993112
9.160000 4.992463
9.170000 4.991891
9.180000 4.991391
9.190000 4.990963
9.200000 4.990602
9.210000 4.990307
9.220000 4.990075
9.230000 4.989903
9.240000 4.989788
9.250000 4.989728
9.260000 4.989720
9.270000 4.989762
9.280000 4.989851
9.290000 4.989984
9.300000 4.990159
9.310000 4.990373
9.320000 4.990623
9.330000 4.990907
9.340000 4.991223
9.350000 4.991566
9.360000 4.991936
9.370000 4.992328
9.380000 4.992742
9.390000 4.993173
9.400000 4.993619
9.410000 4.994079
9.420000 4.994548
9.430000 4.995024
9.440000 4.995506
9.450000 4.995989
9.460000 4.996472
9.470000 4.996952
9.480000 4.997426
9.490000 4.997891
9.500000 4.998346
9.510000 4.998787
9.520000 4.999211
9.530000 4.999616
9.540000 5.000000
9.550000 5.000360
9.560000 5.000696
9.570000 5.001009
9.580000 5.001300
9.590000 5.001568
9.600000 5.001815
9.610000 5.002040
9.620000 5.002245
9.630000 5.002430
9.640000 5.002595
9.650000 5.002742
9.660000 5.002870
9.670000 5.002980
9.680000 5.003072
9.690000 5.003148
9.700000 5.003207
9.710000 5.003251
9.720000 5.003279
9.730000 5.003292
9.740000 5.003292
9.750000 5.003277
9.760000 5.003249
9.770000 5.003209
9.780000 5.003156
9.790000 5.003092
9.800000 5.003017
9.810000 5.002932
9.820000 5.002836
9.830000 5.002731
9.840000 5.002616
9.850000 5.002494
9.860000 5.002363
9.870000 5.002225
9.880000 5.002080
9.890000 5.001929
9.900000 5.001772
9.910000 5.001610
9.920000 5.001443
9.930000 5.001272
9.940000 5.001097
9.950000 5.000919
9.960000 5.000738
9.970000 5.000556
9.980000 5.000371
9.990000 5.000186
10.000000 5.000000
